Date,High,Low,Open,Close,Volume,Adj Close
2010-06-08,59.18504333496094,58.23585891723633,58.370086669921875,59.11792755126953,3921300.0,42.16839599609375
2010-06-09,59.59731674194336,58.89741134643555,59.24256896972656,59.223392486572266,3083100.0,42.243629455566406
2010-06-10,60.057525634765625,59.511024475097656,59.76030731201172,59.654842376708984,3009100.0,42.5513801574707
2010-06-11,59.63566589355469,58.87823486328125,59.40555953979492,59.58772659301758,2393500.0,42.50349426269531
2010-06-14,60.268455505371094,59.846595764160156,59.932884216308594,59.87535858154297,2645500.0,42.70866775512695
2010-06-15,60.46021270751953,60.04793930053711,60.153404235839844,60.43144607543945,2525400.0,43.10531234741211
2010-06-16,60.57526397705078,60.11505126953125,60.182167053222656,60.23969268798828,2717000.0,42.968544006347656
2010-06-17,60.632789611816406,59.932884216308594,60.565677642822266,60.52732467651367,2495200.0,43.173702239990234
2010-06-18,60.776607513427734,60.14381408691406,60.69031524658203,60.19175338745117,2663700.0,42.93434524536133
2010-06-21,60.87248229980469,59.894535064697266,60.719078063964844,60.105464935302734,2201200.0,42.872798919677734
2010-06-22,60.54650115966797,59.74113082885742,60.105464935302734,59.79865646362305,2620000.0,42.6539421081543
2010-06-23,59.95206069946289,59.4151496887207,59.74113082885742,59.76030731201172,2453700.0,42.6265983581543
2010-06-24,59.817832946777344,59.21380615234375,59.54937744140625,59.33844757080078,3505000.0,42.325687408447266
2010-06-25,59.57814025878906,58.868648529052734,59.50143814086914,58.935760498046875,4568000.0,42.0384521484375
2010-06-28,59.46308898925781,58.648128509521484,59.271331787109375,59.21380615234375,2440600.0,42.236778259277344
2010-06-29,59.13710403442383,58.23585891723633,58.609779357910156,58.45637512207031,3993400.0,41.69651794433594
2010-06-30,58.95493698120117,57.97698974609375,58.50431442260742,58.130393981933594,3376700.0,41.463993072509766
2010-07-01,58.21668243408203,57.43048858642578,58.082454681396484,58.13998031616211,3743900.0,41.470829010009766
2010-07-02,58.494728088378906,57.95781326293945,58.39884948730469,57.99616622924805,2187700.0,41.36825942993164
2010-07-06,58.62895584106445,57.16203308105469,58.47555160522461,57.708534240722656,4035200.0,41.1630859375
2010-07-07,58.85906219482422,57.5263671875,57.83317184448242,58.76318359375,3191400.0,41.91535186767578
2010-07-08,59.35762405395508,58.95493698120117,59.060401916503906,59.35762405395508,2627300.0,42.33937454223633
2010-07-09,59.434322357177734,58.84947204589844,59.21380615234375,59.156280517578125,2159500.0,42.19575881958008
2010-07-12,59.42473602294922,58.97411346435547,59.13710403442383,59.37679672241211,2092800.0,42.35304260253906
2010-07-13,60.0191764831543,59.53978729248047,59.86577224731445,59.79865646362305,1876400.0,42.6539421081543
2010-07-14,59.88494873046875,59.47267532348633,59.58772659301758,59.76030731201172,2194800.0,42.6265983581543
2010-07-15,60.04793930053711,59.47267532348633,59.83700942993164,59.95206069946289,2236800.0,42.763389587402344
2010-07-16,59.97123718261719,59.26174545288086,59.702781677246094,59.50143814086914,2865700.0,42.44194793701172
2010-07-19,60.07670211791992,59.67401885986328,59.82741928100586,60.03834915161133,2828600.0,42.824920654296875
2010-07-20,60.853309631347656,59.56855392456055,59.654842376708984,60.83413314819336,3309700.0,43.39255142211914
2010-07-21,61.04506301879883,59.50143814086914,61.04506301879883,59.78907012939453,2994500.0,42.64712142944336
2010-07-22,60.80537033081055,60.09587860107422,60.19175338745117,60.36433410644531,2820300.0,43.05745315551758
2010-07-23,61.514862060546875,60.09587860107422,60.16299057006836,61.016300201416016,3128500.0,43.52248764038086
2010-07-26,61.54362487792969,60.80537033081055,61.227230072021484,61.48609924316406,2060700.0,43.85760498046875
2010-07-27,62.32981872558594,61.23681640625,61.581974029541016,62.23394012451172,3330000.0,44.39102554321289
2010-07-28,62.320228576660156,60.97794723510742,62.27229309082031,61.754554748535156,2387100.0,44.0490837097168
2010-07-29,62.061363220214844,60.604026794433594,61.87919616699219,61.303932189941406,2538000.0,43.7276611328125
2010-07-30,61.677852630615234,60.968360900878906,61.02588653564453,61.47650909423828,3001800.0,43.85075378417969
2010-08-02,62.464046478271484,61.69702911376953,61.8887825012207,62.44486999511719,3017100.0,44.54147720336914
2010-08-03,62.368167877197266,61.93672180175781,62.1380615234375,62.128475189208984,2711500.0,44.315792083740234
2010-08-04,62.799617767333984,62.1572380065918,62.291465759277344,62.64621353149414,2334400.0,44.685096740722656
2010-08-05,62.72291564941406,62.32981872558594,62.43528366088867,62.61745071411133,2266400.0,44.66457748413086
2010-08-06,62.59827423095703,61.840843200683594,62.33940505981445,62.59827423095703,2110900.0,44.65091323852539
2010-08-09,63.24065017700195,62.588687896728516,62.67497634887695,63.154361724853516,2428900.0,45.04754638671875
2010-08-10,63.51869583129883,62.818790435791016,62.88590621948242,63.298179626464844,2946100.0,45.1501350402832
2010-08-11,63.00095748901367,62.39693069458008,62.627037048339844,62.43528366088867,2916600.0,44.534645080566406
2010-08-12,62.627037048339844,61.87919616699219,62.02301025390625,62.540748596191406,3502600.0,44.60987091064453
2010-08-13,62.4928092956543,62.061363220214844,62.38734436035156,62.1380615234375,2340300.0,44.322635650634766
2010-08-16,62.42569351196289,61.63949966430664,61.98466110229492,62.42569351196289,2695400.0,44.52779769897461
2010-08-17,62.7900276184082,62.128475189208984,62.4736328125,62.243526458740234,3271100.0,44.397865295410156
2010-08-18,62.77085494995117,62.128475189208984,62.34899139404297,62.588687896728516,3530400.0,44.6440544128418
2010-08-19,62.56951141357422,61.792903900146484,62.33940505981445,62.11888885498047,2453400.0,44.30895233154297
2010-08-20,62.176414489746094,61.725791931152344,61.725791931152344,62.04218673706055,2070800.0,44.254249572753906
2010-08-23,62.66539001464844,62.26270294189453,62.35858154296875,62.28187942504883,2598100.0,44.42522048950195
2010-08-24,62.4736328125,61.73537826538086,61.73537826538086,62.05177307128906,3215200.0,44.261077880859375
2010-08-25,62.21476364135742,61.5723876953125,61.92713165283203,61.8216667175293,2920200.0,44.096946716308594
2010-08-26,61.97507095336914,61.31351852416992,61.86001968383789,61.44774627685547,2505100.0,43.830230712890625
2010-08-27,61.83125686645508,61.12176513671875,61.5723876953125,61.802494049072266,2071900.0,44.08327865600586
2010-08-30,61.94630813598633,61.36145782470703,61.77373123168945,61.514862060546875,2129400.0,43.878108978271484
2010-08-31,61.92713165283203,61.26557922363281,61.44774627685547,61.744964599609375,3027700.0,44.042236328125
2010-09-01,62.799617767333984,61.8887825012207,62.061363220214844,62.69415283203125,3338400.0,44.71928787231445
2010-09-02,63.24065017700195,62.703739166259766,62.703739166259766,63.17353820800781,2431900.0,45.061222076416016
2010-09-03,63.45158386230469,62.84755325317383,63.38446807861328,63.45158386230469,2260900.0,45.25956726074219
2010-09-07,63.85426712036133,63.23106384277344,63.23106384277344,63.61457443237305,2908300.0,45.375816345214844
2010-09-08,63.76797866821289,62.8092041015625,62.98178482055664,63.35570526123047,2861700.0,45.645225524902344
2010-09-09,63.67210006713867,63.202301025390625,63.604984283447266,63.3940544128418,1882300.0,45.6728515625
2010-09-10,63.652923583984375,63.27900314331055,63.441993713378906,63.528282165527344,1451700.0,45.769554138183594
2010-09-13,64.10354614257812,63.585811614990234,63.892616271972656,63.748802185058594,1529500.0,45.928428649902344
2010-09-14,63.92137908935547,63.585811614990234,63.64333724975586,63.72003936767578,1858700.0,45.90770721435547
2010-09-15,63.93096923828125,63.528282165527344,63.73921203613281,63.863853454589844,2259900.0,46.011314392089844
2010-09-16,63.96931838989258,63.528282165527344,63.56663513183594,63.84467697143555,2902300.0,45.99750900268555
2010-09-17,64.17066192626953,63.61457443237305,63.91179275512695,63.63374710083008,3352300.0,45.845542907714844
2010-09-20,64.46788024902344,63.95014572143555,63.95973205566406,64.1514892578125,3176300.0,46.21854782104492
2010-09-21,64.12272644042969,63.4803466796875,64.12272644042969,63.76797866821289,3807500.0,45.942237854003906
2010-09-22,64.28571319580078,63.76797866821289,63.7967414855957,64.0076675415039,3092200.0,46.11491394042969
2010-09-23,64.05561065673828,63.374881744384766,63.72003936767578,63.73921203613281,1474500.0,45.92150115966797
2010-09-24,63.85426712036133,63.28858947753906,63.68168640136719,63.326942443847656,3635800.0,45.62449264526367
2010-09-27,63.35570526123047,62.59827423095703,63.28858947753906,62.627037048339844,3539400.0,45.1202392578125
2010-09-28,62.751678466796875,62.04218673706055,62.751678466796875,62.05177307128906,4153100.0,44.705780029296875
2010-09-29,62.48322296142578,61.754554748535156,62.05177307128906,62.37775802612305,3198500.0,44.94064712524414
2010-09-30,62.703739166259766,62.10929870605469,62.60786056518555,62.368167877197266,3066700.0,44.93374252319336
2010-10-01,62.8283805847168,62.18600082397461,62.38734436035156,62.34899139404297,2215700.0,44.919918060302734
2010-10-04,62.85714340209961,62.31064224243164,62.38734436035156,62.4928092956543,1911900.0,45.023529052734375
2010-10-05,63.05848693847656,62.50239562988281,62.88590621948242,62.8092041015625,2302700.0,45.251487731933594
2010-10-06,63.4803466796875,62.751678466796875,62.77085494995117,63.317352294921875,2628600.0,45.617584228515625
2010-10-07,63.604984283447266,63.1255989074707,63.604984283447266,63.35570526123047,1729000.0,45.645225524902344
2010-10-08,63.863853454589844,63.35570526123047,63.489933013916016,63.71044921875,1751700.0,45.900794982910156
2010-10-11,63.988494873046875,63.3940544128418,63.49951934814453,63.59539794921875,1338000.0,45.817909240722656
2010-10-12,64.14189910888672,63.45158386230469,63.75838851928711,63.940555572509766,1725100.0,46.06657409667969
2010-10-13,64.45829010009766,63.90220642089844,64.07478332519531,64.06519317626953,1947300.0,46.156375885009766
2010-10-14,64.1131362915039,63.33652877807617,63.892616271972656,63.700862884521484,2724300.0,45.89389419555664
2010-10-15,63.96931838989258,63.537872314453125,63.83509063720703,63.64333724975586,2511400.0,45.852439880371094
2010-10-18,64.10354614257812,63.67210006713867,63.7296257019043,64.05561065673828,3289100.0,46.14946365356445
2010-10-19,63.748802185058594,62.703739166259766,63.73921203613281,63.34611511230469,4215000.0,45.6383056640625
2010-10-20,64.20901489257812,63.441993713378906,63.47075653076172,63.83509063720703,1869100.0,45.990596771240234
2010-10-21,64.30489349365234,63.83509063720703,64.07478332519531,64.10354614257812,1589200.0,46.184017181396484
2010-10-22,64.16107177734375,63.57622146606445,63.815914154052734,63.815914154052734,1935300.0,45.97677993774414
2010-10-25,64.21859741210938,63.63374710083008,64.10354614257812,63.7296257019043,2834300.0,45.914608001708984
2010-10-26,62.2243537902832,59.83700942993164,62.21476364135742,60.02876281738281,11179100.0,43.24827575683594
2010-10-27,60.46979904174805,59.53978729248047,60.21092987060547,59.779483795166016,5515600.0,43.06869125366211
2010-10-28,60.23969268798828,59.731544494628906,60.08628845214844,59.96165084838867,4021300.0,43.199928283691406
2010-10-29,60.75743103027344,59.83700942993164,59.87535858154297,60.728668212890625,3829700.0,43.75252914428711
2010-11-01,60.75743103027344,59.443912506103516,60.728668212890625,59.606903076171875,4416300.0,42.94435119628906
2010-11-02,60.46021270751953,59.57814025878906,59.932884216308594,60.3547477722168,3821700.0,43.48314666748047
2010-11-03,60.40268325805664,59.894535064697266,60.38351058959961,60.37392044067383,2430600.0,43.49695587158203
2010-11-04,60.64237594604492,60.25886917114258,60.604026794433594,60.38351058959961,2962400.0,43.503875732421875
2010-11-05,60.488975524902344,59.92329788208008,60.40268325805664,60.43144607543945,2760400.0,43.53840255737305
2010-11-08,60.43144607543945,59.990413665771484,60.3355712890625,60.230106353759766,1815500.0,43.39334487915039
2010-11-09,60.12464141845703,59.434322357177734,60.12464141845703,59.59731674194336,3854500.0,42.93745803833008
2010-11-10,59.82741928100586,59.252159118652344,59.6836051940918,59.30968475341797,3518700.0,42.73023223876953
2010-11-11,59.721954345703125,59.204219818115234,59.21380615234375,59.58772659301758,2463100.0,42.9305305480957
2010-11-12,59.482261657714844,59.11792755126953,59.13710403442383,59.46308898925781,2932000.0,42.84074783325195
2010-11-15,59.894535064697266,59.56855392456055,59.79865646362305,59.61648941040039,1608200.0,42.951255798339844
2010-11-16,59.71236801147461,58.76318359375,59.558963775634766,58.993289947509766,3047400.0,42.502262115478516
2010-11-17,59.328857421875,58.90699768066406,58.945350646972656,59.12751770019531,2014400.0,42.59898376464844
2010-11-18,59.76030731201172,59.280921936035156,59.491851806640625,59.53978729248047,2383600.0,42.8960075378418
2010-11-19,59.69319152832031,59.08916473388672,59.56855392456055,59.29050827026367,3023400.0,42.716407775878906
2010-11-22,59.558963775634766,58.916587829589844,59.23298263549805,59.558963775634766,2591300.0,42.90981674194336
2010-11-23,59.46308898925781,58.87823486328125,59.46308898925781,58.92617416381836,2358700.0,42.45392608642578
2010-11-24,59.156280517578125,58.581016540527344,59.08916473388672,58.76318359375,2763000.0,42.336483001708984
2010-11-26,59.606903076171875,58.724830627441406,58.753597259521484,59.0987548828125,1624700.0,42.57825469970703
2010-11-29,59.12751770019531,58.54266357421875,58.76318359375,58.993289947509766,2136100.0,42.502262115478516
2010-11-30,59.606903076171875,58.820709228515625,58.820709228515625,59.33844757080078,5164200.0,42.75094985961914
2010-12-01,60.28763198852539,59.69319152832031,59.779483795166016,59.88494873046875,3951600.0,43.144676208496094
2010-12-02,60.153404235839844,59.06999206542969,59.95206069946289,59.13710403442383,9906600.0,42.60588455200195
2010-12-03,59.6644287109375,59.0795783996582,59.0795783996582,59.45349884033203,3036100.0,42.833831787109375
2010-12-06,59.62607955932617,59.11792755126953,59.46308898925781,59.13710403442383,2655700.0,42.60588455200195
2010-12-07,59.58772659301758,59.204219818115234,59.56855392456055,59.38638687133789,3613600.0,42.78547668457031
2010-12-08,59.45349884033203,58.696067810058594,58.7440071105957,59.37679672241211,2485300.0,43.23931121826172
2010-12-09,59.53978729248047,59.16586685180664,59.38638687133789,59.42473602294922,2313800.0,43.27421569824219
2010-12-10,59.67401885986328,59.13710403442383,59.30968475341797,59.156280517578125,2588900.0,43.0787239074707
2010-12-13,59.47267532348633,58.935760498046875,59.37679672241211,59.0987548828125,2736500.0,43.03683853149414
2010-12-14,59.731544494628906,59.18504333496094,59.18504333496094,59.45349884033203,2031200.0,43.295166015625
2010-12-15,59.731544494628906,59.367210388183594,59.491851806640625,59.434322357177734,2056500.0,43.281192779541016
2010-12-16,59.721954345703125,59.252159118652344,59.52061462402344,59.6644287109375,2224600.0,43.448768615722656
2010-12-17,60.19175338745117,59.45349884033203,59.57814025878906,60.153404235839844,3401600.0,43.804840087890625
2010-12-20,60.64237594604492,60.13422775268555,60.19175338745117,60.45062255859375,2682100.0,44.02128982543945
2010-12-21,60.88207244873047,60.28763198852539,60.81495666503906,60.43144607543945,1894200.0,44.00731658935547
2010-12-22,60.5848503112793,60.19175338745117,60.393096923828125,60.5848503112793,1326400.0,44.119049072265625
2010-12-23,60.78619384765625,60.57526397705078,60.73825454711914,60.61361312866211,1123400.0,44.13998031616211
2010-12-27,60.632789611816406,60.3355712890625,60.556087493896484,60.54650115966797,979700.0,44.09111404418945
2010-12-28,60.81495666503906,60.3355712890625,60.45062255859375,60.76701736450195,1201500.0,44.2516975402832
2010-12-29,60.88207244873047,60.49856185913086,60.86289596557617,60.556087493896484,1225700.0,44.09810256958008
2010-12-30,60.70949172973633,60.067115783691406,60.41227340698242,60.441036224365234,1082200.0,44.014305114746094
2010-12-31,60.6519660949707,60.38351058959961,60.40268325805664,60.441036224365234,923200.0,44.014305114746094
2011-01-03,60.61361312866211,60.0191764831543,60.57526397705078,60.04793930053711,3064500.0,43.72805404663086
2011-01-04,60.441036224365234,59.76030731201172,60.25886917114258,60.30680847167969,3215400.0,43.916561126708984
2011-01-05,60.604026794433594,59.9808235168457,60.37392044067383,60.508148193359375,2980300.0,44.06317901611328
2011-01-06,60.747840881347656,60.20134353637695,60.57526397705078,60.42185974121094,2584500.0,44.00034713745117
2011-01-07,60.49856185913086,60.08628845214844,60.441036224365234,60.393096923828125,2002100.0,43.979400634765625
2011-01-10,60.49856185913086,60.03834915161133,60.2492790222168,60.3163948059082,1916700.0,43.923553466796875
2011-01-11,60.36433410644531,60.02876281738281,60.297218322753906,60.19175338745117,1722400.0,43.83277893066406
2011-01-12,61.2559928894043,60.182167053222656,60.19175338745117,61.23681640625,2877400.0,44.59381866455078
2011-01-13,61.32310485839844,60.82454299926758,61.32310485839844,60.97794723510742,2110400.0,44.40529251098633
2011-01-14,61.12176513671875,60.73825454711914,61.07382583618164,61.016300201416016,1789200.0,44.433231353759766
2011-01-18,61.32310485839844,60.93000793457031,61.16011428833008,61.246402740478516,1838100.0,44.600799560546875
2011-01-19,61.52444839477539,60.88207244873047,61.23681640625,61.40939712524414,2318100.0,44.71949005126953
2011-01-20,62.2243537902832,61.43815994262695,61.466922760009766,61.87919616699219,2860500.0,45.06159210205078
2011-01-21,62.205177307128906,61.31351852416992,62.1380615234375,61.629913330078125,3291300.0,44.88006591796875
2011-01-24,61.87919616699219,61.09300231933594,61.87919616699219,61.33269500732422,3515800.0,44.66362380981445
2011-01-25,63.91179275512695,62.63662338256836,63.250240325927734,62.90508270263672,7259600.0,45.80866622924805
2011-01-26,62.799617767333984,62.416107177734375,62.531158447265625,62.44486999511719,3315800.0,45.47353744506836
2011-01-27,62.64621353149414,62.18600082397461,62.18600082397461,62.44486999511719,2998500.0,45.47353744506836
2011-01-28,62.8092041015625,61.99424743652344,62.579097747802734,62.061363220214844,2683100.0,45.19426727294922
2011-01-31,62.368167877197266,61.95589828491211,62.253116607666016,62.061363220214844,2223400.0,45.19426727294922
2011-02-01,62.243526458740234,61.534034729003906,62.16682815551758,61.86001968383789,2954500.0,45.04764175415039
2011-02-02,61.86001968383789,61.131351470947266,61.78331756591797,61.342281341552734,3010800.0,44.67061233520508
2011-02-03,62.368167877197266,61.36145782470703,61.36145782470703,62.14765167236328,4527800.0,45.25709915161133
2011-02-04,62.33940505981445,61.792903900146484,62.1572380065918,62.32981872558594,5203600.0,45.38975524902344
2011-02-07,62.42569351196289,62.04218673706055,62.35858154296875,62.26270294189453,3956800.0,45.340877532958984
2011-02-08,62.52157211303711,62.080535888671875,62.301055908203125,62.38734436035156,2561800.0,45.431644439697266
2011-02-09,62.5599250793457,62.1572380065918,62.320228576660156,62.39693069458008,2247200.0,45.438629150390625
2011-02-10,62.78044128417969,62.013423919677734,62.32981872558594,62.31064224243164,2286000.0,45.37578582763672
2011-02-11,63.27900314331055,62.032596588134766,62.05177307128906,63.13518524169922,2679800.0,45.97624969482422
2011-02-14,62.799617767333984,62.320228576660156,62.799617767333984,62.37775802612305,2717800.0,45.42466735839844
2011-02-15,62.55033493041992,62.090126037597656,62.39693069458008,62.28187942504883,2505700.0,45.3548469543457
2011-02-16,62.44486999511719,62.061363220214844,62.243526458740234,62.37775802612305,2512500.0,45.42466735839844
2011-02-17,62.72291564941406,62.21476364135742,62.27229309082031,62.67497634887695,2453000.0,45.641109466552734
2011-02-18,62.98178482055664,62.531158447265625,62.64621353149414,62.95302200317383,2558000.0,45.843589782714844
2011-02-22,62.962608337402344,62.320228576660156,62.37775802612305,62.37775802612305,3403700.0,45.42466735839844
2011-02-23,62.83796691894531,62.44486999511719,62.44486999511719,62.52157211303711,2573800.0,45.529388427734375
2011-02-24,62.4928092956543,61.78331756591797,62.44486999511719,62.14765167236328,3172800.0,45.25709915161133
2011-02-25,62.40652084350586,62.11888885498047,62.19559097290039,62.39693069458008,2711000.0,45.438629150390625
2011-02-28,63.27900314331055,62.35858154296875,62.39693069458008,63.18312454223633,3810800.0,46.01115036010742
2011-03-01,63.47075653076172,62.742088317871094,62.90508270263672,62.77085494995117,2890700.0,45.71092224121094
2011-03-02,62.19559097290039,61.725791931152344,62.176414489746094,61.792903900146484,3537700.0,45.48508834838867
2011-03-03,62.655799865722656,61.917545318603516,62.18600082397461,62.540748596191406,2929300.0,46.03556823730469
2011-03-04,62.71332550048828,61.69702911376953,62.60786056518555,62.09971237182617,3825800.0,45.7109260559082
2011-03-07,62.301055908203125,61.45733642578125,62.19559097290039,61.63949966430664,3795200.0,45.37215805053711
2011-03-08,62.128475189208984,61.61073684692383,61.744964599609375,61.93672180175781,2289400.0,45.59095764160156
2011-03-09,62.205177307128906,61.43815994262695,61.93672180175781,62.080535888671875,2033200.0,45.696800231933594
2011-03-10,62.33940505981445,61.754554748535156,61.802494049072266,62.205177307128906,3712900.0,45.78855514526367
2011-03-11,62.301055908203125,61.69702911376953,61.94630813598633,61.98466110229492,2053400.0,45.6262321472168
2011-03-14,61.87919616699219,61.39980697631836,61.81208038330078,61.71620178222656,2365100.0,45.42863464355469
2011-03-15,61.351871490478516,60.891658782958984,60.95877456665039,61.14093780517578,3412900.0,45.00518035888672
2011-03-16,61.16970443725586,60.46021270751953,61.016300201416016,60.6519660949707,3712900.0,44.64524841308594
2011-03-17,61.32310485839844,61.016300201416016,61.131351470947266,61.16011428833008,2765700.0,45.01929473876953
2011-03-18,61.95589828491211,61.246402740478516,61.73537826538086,61.63949966430664,3775900.0,45.37215805053711
2011-03-21,62.63662338256836,61.869606018066406,61.93672180175781,62.4928092956543,2767900.0,46.00027847290039
2011-03-22,62.84755325317383,62.23394012451172,62.50239562988281,62.32981872558594,2307600.0,45.88029479980469
2011-03-23,62.69415283203125,61.917545318603516,62.23394012451172,62.176414489746094,2381200.0,45.76738357543945
2011-03-24,62.60786056518555,61.92713165283203,62.23394012451172,62.55033493041992,2603100.0,46.04261779785156
2011-03-25,62.579097747802734,62.11888885498047,62.4928092956543,62.416107177734375,2370400.0,45.94382095336914
2011-03-28,62.7900276184082,61.744964599609375,62.540748596191406,62.531158447265625,2199300.0,46.02851486206055
2011-03-29,62.84755325317383,62.43528366088867,62.52157211303711,62.703739166259766,2275900.0,46.15553665161133
2011-03-30,63.25982666015625,62.88590621948242,62.88590621948242,63.05848693847656,2261800.0,46.416656494140625
2011-03-31,63.23106384277344,62.4736328125,63.05848693847656,62.579097747802734,2709100.0,46.06378936767578
2011-04-01,62.914669036865234,62.368167877197266,62.368167877197266,62.68456268310547,2542400.0,46.141422271728516
2011-04-04,63.27900314331055,62.72291564941406,63.22147750854492,63.144775390625,3646300.0,46.480186462402344
2011-04-05,63.21188735961914,62.63662338256836,63.21188735961914,62.68456268310547,2855800.0,46.141422271728516
2011-04-06,63.33652877807617,62.8092041015625,62.962608337402344,63.02013397216797,3202000.0,46.38843536376953
2011-04-07,62.991371154785156,62.540748596191406,62.89549255371094,62.8283805847168,3153000.0,46.24729537963867
2011-04-08,63.13518524169922,62.588687896728516,62.94343185424805,62.73250198364258,2062700.0,46.176700592041016
2011-04-11,63.05848693847656,62.73250198364258,62.876319885253906,62.73250198364258,2541300.0,46.176700592041016
2011-04-12,63.42281723022461,62.5599250793457,62.5599250793457,62.991371154785156,3248100.0,46.36726379394531
2011-04-13,63.09683609008789,62.464046478271484,63.09683609008789,62.540748596191406,3423300.0,46.03556823730469
2011-04-14,62.84755325317383,62.320228576660156,62.320228576660156,62.67497634887695,2379900.0,46.134368896484375
2011-04-15,63.01054763793945,62.05177307128906,62.742088317871094,62.88590621948242,2502100.0,46.28962707519531
2011-04-18,63.22147750854492,62.32981872558594,62.511985778808594,63.039310455322266,3391800.0,46.402549743652344
2011-04-19,63.23106384277344,62.78044128417969,62.89549255371094,63.106422424316406,2241800.0,46.45195388793945
2011-04-20,63.62416076660156,63.154361724853516,63.27900314331055,63.537872314453125,2190600.0,46.76953887939453
2011-04-21,63.75838851928711,63.106422424316406,63.528282165527344,63.326942443847656,2208000.0,46.614280700683594
2011-04-25,62.2243537902832,60.78619384765625,61.81208038330078,61.5915641784668,7573900.0,45.336875915527344
2011-04-26,62.5599250793457,61.39980697631836,61.677852630615234,62.1380615234375,4276300.0,45.73915481567383
2011-04-27,62.52157211303711,62.11888885498047,62.464046478271484,62.320228576660156,2692400.0,45.87324142456055
2011-04-28,62.991371154785156,61.965484619140625,62.23394012451172,62.876319885253906,2733300.0,46.28257751464844
2011-04-29,63.652923583984375,62.866729736328125,62.89549255371094,63.33652877807617,2525500.0,46.62133026123047
2011-05-02,63.56663513183594,63.23106384277344,63.45158386230469,63.528282165527344,2361300.0,46.762474060058594
2011-05-03,64.20901489257812,63.22147750854492,63.22147750854492,64.19942474365234,2685600.0,47.256492614746094
2011-05-04,64.52540588378906,63.85426712036133,64.14189910888672,64.46788024902344,3375300.0,47.45411682128906
2011-05-05,64.47747039794922,63.69127655029297,63.84467697143555,64.07478332519531,2573600.0,47.164756774902344
2011-05-06,64.59252166748047,63.85426712036133,64.46788024902344,64.12272644042969,2356300.0,47.20003890991211
2011-05-09,64.66921997070312,63.97890853881836,64.18025207519531,64.42952728271484,2172500.0,47.42587661743164
2011-05-10,64.9856185913086,64.36241912841797,64.381591796875,64.8801498413086,1975700.0,47.757572174072266
2011-05-11,65.11026000976562,64.46788024902344,64.8801498413086,64.69798278808594,2295100.0,47.623497009277344
2011-05-12,65.66634368896484,64.63087463378906,64.68840026855469,65.5800552368164,2421600.0,48.27276611328125
2011-05-13,65.66634368896484,65.11026000976562,65.51294708251953,65.47459411621094,1942700.0,48.19514465332031
2011-05-16,65.60881805419922,65.11026000976562,65.19654846191406,65.2828369140625,1523000.0,48.05397415161133
2011-05-17,65.66634368896484,65.26366424560547,65.29242706298828,65.53211975097656,1798900.0,48.23747634887695
2011-05-18,65.54170989990234,65.11026000976562,65.53211975097656,65.47459411621094,1403400.0,48.19514465332031
2011-05-19,65.66634368896484,65.29242706298828,65.39788818359375,65.60881805419922,1499400.0,48.2939338684082
2011-05-20,65.618408203125,65.22531127929688,65.54170989990234,65.36912536621094,1576200.0,48.11750030517578
2011-05-23,65.31159973144531,64.99520874023438,65.052734375,65.13902282714844,1488800.0,47.9481201171875
2011-05-24,65.66634368896484,65.052734375,65.13902282714844,65.53211975097656,2452000.0,48.23747634887695
2011-05-25,65.45541381835938,64.49664306640625,65.36912536621094,64.83221435546875,2659800.0,47.7222900390625
2011-05-26,65.07190704345703,64.19942474365234,64.80345153808594,64.91850280761719,1957100.0,47.78580093383789
2011-05-27,65.14861297607422,64.6788101196289,65.07190704345703,64.87056732177734,1384800.0,47.75052261352539
2011-05-31,65.56088256835938,65.0143814086914,65.2828369140625,65.48417663574219,2988500.0,48.20219802856445
2011-06-01,65.45541381835938,64.6788101196289,65.33078002929688,64.7171630859375,2505300.0,47.637603759765625
2011-06-02,64.79386138916016,63.59539794921875,64.79386138916016,64.14189910888672,2768800.0,47.214149475097656
2011-06-03,63.56663513183594,62.83796691894531,63.528282165527344,63.298179626464844,3486000.0,46.59309005737305
2011-06-06,63.700862884521484,63.09683609008789,63.30776596069336,63.42281723022461,2973200.0,46.68485641479492
2011-06-07,63.63374710083008,63.18312454223633,63.585811614990234,63.18312454223633,2244100.0,46.5084114074707
2011-06-08,63.087249755859375,62.464046478271484,62.703739166259766,62.76126480102539,2567300.0,46.693870544433594
2011-06-09,63.25982666015625,62.655799865722656,63.039310455322266,62.73250198364258,2032100.0,46.67247009277344
2011-06-10,62.67497634887695,61.907958984375,62.579097747802734,61.95589828491211,2619800.0,46.09469223022461
2011-06-13,62.531158447265625,61.92713165283203,62.243526458740234,62.2243537902832,2814700.0,46.294403076171875
2011-06-14,63.23106384277344,62.28187942504883,62.368167877197266,62.89549255371094,2499600.0,46.79373550415039
2011-06-15,62.88590621948242,62.14765167236328,62.540748596191406,62.4736328125,2727200.0,46.47987747192383
2011-06-16,63.11601257324219,62.44486999511719,62.464046478271484,63.01054763793945,2219900.0,46.87933349609375
2011-06-17,63.585811614990234,63.1639518737793,63.24065017700195,63.489933013916016,4403400.0,47.23598861694336
2011-06-20,64.16107177734375,63.4611701965332,63.51869583129883,64.02684783935547,2085100.0,47.635440826416016
2011-06-21,64.381591796875,63.863853454589844,64.26654052734375,64.09395599365234,1618200.0,47.68538284301758
2011-06-22,64.22818756103516,63.59539794921875,63.96931838989258,63.67210006713867,1729300.0,47.37152862548828
2011-06-23,63.43240737915039,62.703739166259766,63.40364456176758,63.35570526123047,2183400.0,47.13612365722656
2011-06-24,63.55704879760742,62.48322296142578,63.38446807861328,62.66539001464844,2364500.0,46.62254333496094
2011-06-27,63.087249755859375,62.59827423095703,62.59827423095703,62.72291564941406,1408200.0,46.66534423828125
2011-06-28,63.039310455322266,62.61745071411133,63.01054763793945,63.01054763793945,1780000.0,46.87933349609375
2011-06-29,63.68168640136719,63.19271469116211,63.298179626464844,63.441993713378906,2057100.0,47.20032501220703
2011-06-30,63.863853454589844,63.374881744384766,63.604984283447266,63.815914154052734,1903900.0,47.47852325439453
2011-07-01,64.21859741210938,63.528282165527344,63.61457443237305,64.14189910888672,2255300.0,47.72105407714844
2011-07-05,64.57334899902344,63.76797866821289,64.39118194580078,63.777565002441406,2476100.0,47.44999694824219
2011-07-06,64.19942474365234,63.62416076660156,63.892616271972656,63.67210006713867,2599400.0,47.37152862548828
2011-07-07,64.23777770996094,63.873443603515625,63.99808120727539,63.95973205566406,2425900.0,47.58552551269531
2011-07-08,63.873443603515625,63.38446807861328,63.652923583984375,63.873443603515625,2310500.0,47.52132034301758
2011-07-11,64.18025207519531,63.35570526123047,63.50910949707031,63.85426712036133,2626600.0,47.507057189941406
2011-07-12,64.46788024902344,63.78715133666992,64.03643035888672,63.95973205566406,1975400.0,47.58552551269531
2011-07-13,64.42952728271484,63.83509063720703,64.17066192626953,63.988494873046875,1634900.0,47.6069221496582
2011-07-14,64.0843734741211,63.50910949707031,64.0843734741211,63.64333724975586,2408000.0,47.350135803222656
2011-07-15,64.4199447631836,63.7296257019043,63.873443603515625,64.33365631103516,3560000.0,47.86372375488281
2011-07-18,64.17066192626953,63.49951934814453,64.17066192626953,63.64333724975586,2376200.0,47.350135803222656
2011-07-19,64.24736022949219,63.54745864868164,63.76797866821289,64.07478332519531,2137000.0,47.671112060546875
2011-07-20,64.63087463378906,64.07478332519531,64.25695037841797,64.20901489257812,1845600.0,47.77098083496094
2011-07-21,65.18695831298828,64.3432388305664,64.35282897949219,65.0143814086914,2214000.0,48.37015914916992
2011-07-22,65.14861297607422,64.52540588378906,64.95685577392578,65.10066986083984,2717100.0,48.43436813354492
2011-07-25,65.12943267822266,63.68168640136719,64.55416870117188,63.73921203613281,3931600.0,47.42144775390625
2011-07-26,65.10066986083984,63.96931838989258,63.96931838989258,64.17066192626953,3289600.0,47.74245071411133
2011-07-27,64.20901489257812,63.34611511230469,64.09395599365234,63.47075653076172,2243900.0,47.22172927856445
2011-07-28,63.78715133666992,62.93384552001953,63.57622146606445,63.087249755859375,1785500.0,46.93640899658203
2011-07-29,63.26941680908203,62.464046478271484,62.751678466796875,62.66539001464844,2326900.0,46.62254333496094
2011-08-01,63.23106384277344,62.128475189208984,63.1639518737793,62.48322296142578,2361300.0,46.48701477050781
2011-08-02,62.416107177734375,61.744964599609375,62.18600082397461,61.869606018066406,2264100.0,46.030487060546875
2011-08-03,61.92713165283203,61.10258865356445,61.92713165283203,61.8887825012207,2761500.0,46.04475784301758
2011-08-04,61.744964599609375,60.42185974121094,61.505271911621094,60.441036224365234,4287800.0,44.9676399230957
2011-08-05,61.754554748535156,60.057525634765625,61.26557922363281,61.42856979370117,4901200.0,45.702362060546875
2011-08-08,61.5532112121582,60.20134353637695,60.69990539550781,60.268455505371094,6692000.0,44.8392448425293
2011-08-09,61.744964599609375,58.485137939453125,60.93000793457031,61.5915641784668,6860400.0,45.82362747192383
2011-08-10,61.850433349609375,59.83700942993164,61.44774627685547,59.990413665771484,8106600.0,44.63237762451172
2011-08-11,62.531158447265625,60.11505126953125,60.3547477722168,61.93672180175781,4644100.0,46.08042907714844
2011-08-12,62.69415283203125,61.65867614746094,62.45446014404297,62.45446014404297,3268200.0,46.46561050415039
2011-08-15,63.47075653076172,62.5599250793457,62.85714340209961,63.374881744384766,3081000.0,47.150394439697266
2011-08-16,63.68168640136719,62.876319885253906,63.19271469116211,63.365291595458984,3149100.0,47.143253326416016
2011-08-17,63.93096923828125,62.818790435791016,63.45158386230469,63.250240325927734,2902000.0,47.05767059326172
2011-08-18,63.029720306396484,61.99424743652344,62.627037048339844,62.88590621948242,4121400.0,46.7866096496582
2011-08-19,63.3940544128418,62.42569351196289,62.5599250793457,62.655799865722656,3386900.0,46.61540222167969
2011-08-22,63.56663513183594,62.464046478271484,63.4611701965332,63.05848693847656,3032800.0,46.915016174316406
2011-08-23,64.51582336425781,63.298179626464844,63.59539794921875,64.48705291748047,3534100.0,47.977848052978516
2011-08-24,65.19654846191406,64.09395599365234,64.35282897949219,65.12943267822266,3140000.0,48.455780029296875
2011-08-25,65.19654846191406,64.276123046875,65.18695831298828,64.52540588378906,8226100.0,48.00638198852539
2011-08-26,65.13902282714844,63.4611701965332,64.276123046875,65.03355407714844,3832800.0,48.384429931640625
2011-08-29,65.66634368896484,65.13902282714844,65.39788818359375,65.60881805419922,6176900.0,48.812435150146484
2011-08-30,65.94438934326172,64.76509857177734,65.2444839477539,65.69510650634766,3473800.0,48.876617431640625
2011-08-31,66.52924346923828,65.81016540527344,65.81974792480469,66.30872344970703,4427100.0,49.333152770996094
2011-09-01,66.75934600830078,65.90604400634766,66.20326232910156,65.94438934326172,3060200.0,49.06208419799805
2011-09-02,65.76222229003906,64.95685577392578,65.10066986083984,65.3211898803711,2312400.0,48.598445892333984
2011-09-06,65.54170989990234,64.18983459472656,64.33365631103516,65.44583129882812,3451500.0,48.691165924072266
2011-09-07,65.83892822265625,65.14861297607422,65.41706848144531,65.6567611694336,2707200.0,49.35422897338867
2011-09-08,66.27037048339844,65.27324676513672,65.57047271728516,65.30201721191406,3516400.0,49.08755874633789
2011-09-09,65.052734375,64.0843734741211,65.0143814086914,64.45829010009766,2855600.0,48.45332336425781
2011-09-12,64.60211181640625,63.55704879760742,64.13230895996094,64.47747039794922,2955600.0,48.46773910522461
2011-09-13,64.89933013916016,63.97890853881836,64.43911743164062,64.7171630859375,2145100.0,48.64792251586914
2011-09-14,66.0210952758789,64.29530334472656,65.11026000976562,65.39788818359375,2424700.0,49.15962600708008
2011-09-15,65.92521667480469,65.25407409667969,65.6567611694336,65.92521667480469,2597200.0,49.556026458740234
2011-09-16,66.99903869628906,65.9539794921875,66.06903076171875,66.90316772460938,3404800.0,50.29114532470703
2011-09-19,67.11409759521484,66.00191497802734,66.0210952758789,67.00862884521484,3105100.0,50.37041091918945
2011-09-20,67.98657989501953,66.91275024414062,67.09491729736328,67.54553985595703,3324500.0,50.77402114868164
2011-09-21,67.96739959716797,66.38542938232422,67.5934829711914,66.43336486816406,3364700.0,49.9379997253418
2011-09-22,66.51007080078125,65.03355407714844,65.40747833251953,66.34707641601562,5747800.0,49.873130798339844
2011-09-23,67.11409759521484,65.6567611694336,66.39501190185547,67.0853271484375,3678000.0,50.428070068359375
2011-09-26,67.9290542602539,67.11409759521484,67.23873138427734,67.88111114501953,3015900.0,51.02627182006836
2011-09-27,68.82070922851562,67.9002914428711,68.13998413085938,68.24544525146484,3488800.0,51.30015563964844
2011-09-28,68.06327819824219,66.855224609375,67.32502746582031,66.94151306152344,3407100.0,50.319984436035156
2011-09-29,68.40843963623047,67.58389282226562,67.67977142333984,68.29338073730469,4816500.0,51.3361701965332
2011-09-30,68.6960678100586,68.04410552978516,68.12080383300781,68.08245086669922,4162800.0,51.17761993408203
2011-10-03,68.43720245361328,67.62224578857422,68.1591567993164,67.74688720703125,4629500.0,50.925376892089844
2011-10-04,67.62224578857422,66.17449951171875,67.02780151367188,67.47842407226562,5214900.0,50.723567962646484
2011-10-05,68.01534271240234,67.02780151367188,67.7948226928711,67.44007873535156,4509300.0,50.694740295410156
2011-10-06,68.08245086669922,66.960693359375,67.39213562011719,68.0536880493164,3210700.0,51.15599060058594
2011-10-07,68.4947280883789,67.57430267333984,68.16874694824219,68.03451538085938,2928500.0,51.1415901184082
2011-10-10,68.73442077636719,68.06327819824219,68.55225372314453,68.70565795898438,2508300.0,51.64607620239258
2011-10-11,68.70565795898438,68.14956665039062,68.40843963623047,68.50431823730469,2334000.0,51.49473190307617
2011-10-12,69.30009460449219,68.3604965209961,68.63854217529297,69.02204895019531,3253400.0,51.8839111328125
2011-10-13,68.89740753173828,68.10163116455078,68.63854217529297,68.45637512207031,1978500.0,51.458702087402344
2011-10-14,69.18504333496094,68.45637512207031,68.8302993774414,68.94535064697266,1987700.0,51.82624435424805
2011-10-17,69.22339630126953,68.197509765625,68.65771484375,68.28379821777344,1703700.0,51.32896041870117
2011-10-18,69.31927490234375,67.69894409179688,68.07286834716797,68.82070922851562,2279100.0,51.73255920410156
2011-10-19,69.01246643066406,68.47554779052734,68.60018920898438,68.61936950683594,1742100.0,51.58122634887695
2011-10-20,69.21380615234375,68.60977935791016,68.77277374267578,68.74401092529297,2307500.0,51.674903869628906
2011-10-21,70.21092987060547,69.21380615234375,69.31927490234375,69.99040985107422,3402300.0,52.61183547973633
2011-10-24,67.96739959716797,66.21284484863281,67.96739959716797,66.77852630615234,7735300.0,50.19746017456055
2011-10-25,67.66059112548828,66.63470458984375,66.88398742675781,66.68264770507812,3697100.0,50.125389099121094
2011-10-26,67.40172576904297,66.44295501708984,67.35379028320312,67.38255310058594,3348200.0,50.6515007019043
2011-10-27,68.43720245361328,67.20996856689453,68.0249252319336,68.092041015625,3931600.0,51.1848258972168
2011-10-28,68.14956665039062,67.37296295166016,68.04410552978516,67.46884155273438,2276200.0,50.71635055541992
2011-10-31,67.53595733642578,66.77852630615234,67.11409759521484,66.83605194091797,2918900.0,50.240684509277344
2011-11-01,66.5196533203125,65.69510650634766,65.87727355957031,65.86769104003906,3278700.0,49.51277542114258
2011-11-02,66.63470458984375,65.78140258789062,66.50048065185547,66.2511978149414,1840200.0,49.80105972290039
2011-11-03,66.90316772460938,66.10738372802734,66.63470458984375,66.8168716430664,1938500.0,50.22629165649414
2011-11-04,66.855224609375,66.15531921386719,66.4813003540039,66.83605194091797,1648200.0,50.240684509277344
2011-11-07,67.32502746582031,66.42377471923828,66.63470458984375,67.29625701904297,1348900.0,50.58662414550781
2011-11-08,68.03451538085938,67.13327026367188,67.74688720703125,67.95781707763672,1775200.0,51.08393478393555
2011-11-09,67.4880142211914,66.54841613769531,67.2579116821289,66.8935775756836,2230300.0,50.28394317626953
2011-11-10,67.67018127441406,66.9223403930664,67.50719451904297,67.54553985595703,1715100.0,50.77402114868164
2011-11-11,68.24544525146484,67.93863677978516,67.98657989501953,68.16874694824219,1799500.0,51.242488861083984
2011-11-14,68.3604965209961,67.65100860595703,67.9290542602539,68.23585510253906,2263100.0,51.29294204711914
2011-11-15,68.55225372314453,67.94822692871094,68.29338073730469,68.43720245361328,1518900.0,51.44426727294922
2011-11-16,68.16874694824219,67.37296295166016,67.89070129394531,67.40172576904297,2111500.0,50.66591262817383
2011-11-17,67.64141845703125,66.68264770507812,67.2579116821289,67.14286041259766,3172000.0,50.47133255004883
2011-11-18,67.72770690917969,67.1236801147461,67.47842407226562,67.20996856689453,3339900.0,50.52176284790039
2011-11-21,66.77852630615234,66.15531921386719,66.30872344970703,66.5867691040039,9276000.0,50.05330276489258
2011-11-22,66.97027587890625,66.27037048339844,66.69223022460938,66.53883361816406,1889900.0,50.01728439331055
2011-11-23,66.23202514648438,65.48417663574219,66.15531921386719,65.69510650634766,2586500.0,49.38304901123047
2011-11-25,66.27037048339844,65.45541381835938,65.48417663574219,65.85810089111328,1139900.0,49.50557327270508
2011-11-28,67.01821899414062,66.53883361816406,66.70182037353516,66.79769897460938,2111500.0,50.21186447143555
2011-11-29,67.0853271484375,66.54841613769531,66.74976348876953,66.87439727783203,2701800.0,50.2695198059082
2011-11-30,68.56184387207031,67.83317565917969,68.01534271240234,68.52349090576172,3385000.0,51.50914001464844
2011-12-01,68.66730499267578,68.10163116455078,68.30297088623047,68.3604965209961,2863500.0,51.386619567871094
2011-12-02,68.81111907958984,67.6893539428711,68.79194641113281,67.81399536132812,2657600.0,50.97581100463867
2011-12-05,68.60977935791016,67.30584716796875,68.52349090576172,67.51677703857422,2891400.0,50.752403259277344
2011-12-06,68.14956665039062,67.33460998535156,67.62224578857422,67.87152099609375,2537200.0,51.01905822753906
2011-12-07,67.88111114501953,66.855224609375,67.04698181152344,67.70853424072266,2269300.0,51.40485382080078
2011-12-08,67.66059112548828,66.7881088256836,67.53595733642578,66.94151306152344,2130100.0,50.82252883911133
2011-12-09,67.44966125488281,67.00862884521484,67.00862884521484,67.24832153320312,2089100.0,51.055442810058594
2011-12-12,67.30584716796875,66.57717895507812,67.07574462890625,67.02780151367188,1782200.0,50.88802719116211
2011-12-13,67.8619384765625,67.07574462890625,67.07574462890625,67.2291488647461,2704000.0,51.040897369384766
2011-12-14,67.67018127441406,67.21955871582031,67.31543731689453,67.31543731689453,2067800.0,51.106422424316406
2011-12-15,68.45637512207031,67.44966125488281,67.63182830810547,68.31256103515625,2325700.0,51.86344909667969
2011-12-16,68.66730499267578,67.97698974609375,68.58101654052734,68.34132385253906,3679900.0,51.88526916503906
2011-12-19,68.88782501220703,68.11122131347656,68.33173370361328,68.25503540039062,1664700.0,51.819766998291016
2011-12-20,69.69319152832031,68.48513793945312,68.74401092529297,69.60690307617188,3046800.0,52.846099853515625
2011-12-21,70.08628845214844,69.56855010986328,69.81783294677734,70.0383529663086,2551000.0,53.17367172241211
2011-12-22,70.21092987060547,69.67401885986328,70.04793548583984,69.91371154785156,1686300.0,53.079036712646484
2011-12-23,70.71907806396484,69.9616470336914,70.18216705322266,70.69031524658203,1495000.0,53.66864013671875
2011-12-27,70.94918823242188,70.35474395751953,70.65196228027344,70.77660369873047,1091400.0,53.734169006347656
2011-12-28,70.9395980834961,70.31639862060547,70.84371948242188,70.35474395751953,1500800.0,53.41387939453125
2011-12-29,71.0067138671875,70.53691101074219,70.6327896118164,70.94918823242188,1283800.0,53.86517333984375
2011-12-30,70.72866821289062,70.27804565429688,70.51773834228516,70.52732849121094,1451600.0,53.54491424560547
2012-01-03,70.93000793457031,70.16299438476562,70.91083526611328,70.20133972167969,2479800.0,53.29742431640625
2012-01-04,70.46979522705078,69.78907012939453,70.2684555053711,69.98082733154297,2391000.0,53.12998962402344
2012-01-05,70.15340423583984,69.51102447509766,69.99040985107422,69.78907012939453,2579500.0,52.984397888183594
2012-01-06,69.88494873046875,69.44390869140625,69.72195434570312,69.63566589355469,2252700.0,52.867950439453125
2012-01-09,69.90412139892578,69.46308898925781,69.82742309570312,69.71237182617188,2052600.0,52.92618179321289
2012-01-10,70.23969268798828,69.7698974609375,70.16299438476562,69.87535858154297,2833200.0,53.04991149902344
2012-01-11,70.08628845214844,69.44390869140625,69.86576843261719,69.53978729248047,2722400.0,52.7951545715332
2012-01-12,69.9328842163086,69.37680053710938,69.53978729248047,69.83700561523438,2175300.0,53.02080535888672
2012-01-13,69.89453125,69.34803771972656,69.68360137939453,69.7027816772461,2063400.0,52.91889572143555
2012-01-17,70.74784088134766,70.20133972167969,70.23969268798828,70.61361694335938,2870700.0,53.61042022705078
2012-01-18,71.0067138671875,70.48897552490234,70.66155242919922,70.92042541503906,2482500.0,53.84333801269531
2012-01-19,71.14093780517578,70.6040267944336,70.94918823242188,71.10259246826172,2625600.0,53.98166275024414
2012-01-20,71.18888092041016,70.2301025390625,71.09300231933594,70.78619384765625,3178800.0,53.74143981933594
2012-01-23,70.8628921508789,70.23969268798828,70.77660369873047,70.48897552490234,2970200.0,53.515785217285156
2012-01-24,69.74113464355469,67.88111114501953,68.9932861328125,69.2905044555664,6502700.0,52.60591125488281
2012-01-25,69.22339630126953,68.33173370361328,68.60018920898438,68.90699768066406,4270300.0,52.31475830078125
2012-01-26,69.44390869140625,68.70565795898438,68.88782501220703,69.01246643066406,2754500.0,52.39481735229492
2012-01-27,69.11792755126953,68.1591567993164,69.01246643066406,68.197509765625,2562800.0,51.776084899902344
2012-01-30,68.65771484375,67.5934829711914,68.04410552978516,68.39884948730469,3171300.0,51.928958892822266
2012-01-31,68.86864471435547,68.3604965209961,68.52349090576172,68.60977935791016,2253100.0,52.0890998840332
2012-02-01,69.328857421875,68.61936950683594,68.67689514160156,69.07957458496094,2494000.0,52.44575881958008
2012-02-02,69.45349884033203,68.98370361328125,69.28092193603516,69.328857421875,1876600.0,52.635005950927734
2012-02-03,69.7315444946289,69.08916473388672,69.5973129272461,69.25215911865234,1970500.0,52.576786041259766
2012-02-06,69.65483856201172,69.08916473388672,69.18504333496094,69.22339630126953,1911900.0,52.554954528808594
2012-02-07,69.2905044555664,68.78235626220703,69.05081176757812,68.78235626220703,2729000.0,52.22012710571289
2012-02-08,69.02204895019531,68.55225372314453,68.95494079589844,68.74401092529297,2013400.0,52.19099807739258
2012-02-09,68.93576049804688,68.45637512207031,68.74401092529297,68.91658782958984,1771400.0,52.322025299072266
2012-02-10,68.76318359375,68.4276123046875,68.71524810791016,68.60977935791016,2159200.0,52.0890998840332
2012-02-13,69.0316390991211,68.6960678100586,68.91658782958984,68.78235626220703,1543000.0,52.22012710571289
2012-02-14,68.92617797851562,68.30297088623047,68.60018920898438,68.67689514160156,2438200.0,52.140037536621094
2012-02-15,68.58101654052734,68.11122131347656,68.35091400146484,68.26461791992188,2633700.0,51.827030181884766
2012-02-16,68.76318359375,68.31256103515625,68.55225372314453,68.48513793945312,2207800.0,51.99445343017578
2012-02-17,68.94535064697266,68.3604965209961,68.83988189697266,68.61936950683594,2334400.0,52.09636306762695
2012-02-21,68.78235626220703,68.24544525146484,68.61936950683594,68.45637512207031,1920200.0,51.972618103027344
2012-02-22,68.76318359375,68.01534271240234,68.76318359375,68.29338073730469,2621500.0,51.84885787963867
2012-02-23,69.04122924804688,68.1303939819336,68.13998413085938,68.93576049804688,2001600.0,52.336585998535156
2012-02-24,68.88782501220703,68.37008666992188,68.88782501220703,68.84947204589844,2228500.0,52.271053314208984
2012-02-27,69.00287628173828,68.5330810546875,68.55225372314453,68.88782501220703,1825100.0,52.300174713134766
2012-02-28,69.34803771972656,68.8015365600586,69.01246643066406,69.25215911865234,2135400.0,52.576786041259766
2012-02-29,70.09587860107422,69.18504333496094,69.21380615234375,69.87535858154297,3791400.0,53.04991149902344
2012-03-01,69.99040985107422,68.89740753173828,69.76030731201172,69.19463348388672,2765300.0,52.533103942871094
2012-03-02,69.57814025878906,69.17545318603516,69.434326171875,69.3672103881836,1876900.0,52.66413497924805
2012-03-05,69.77947998046875,69.3672103881836,69.37680053710938,69.6644287109375,2080500.0,52.88978958129883
2012-03-06,69.84659576416016,69.41514587402344,69.47267150878906,69.60690307617188,2722600.0,52.846099853515625
2012-03-07,68.94535064697266,68.32215118408203,68.94535064697266,68.4947280883789,3671300.0,52.53725051879883
2012-03-08,69.0316390991211,68.62895202636719,68.8015365600586,68.8302993774414,2126400.0,52.79463577270508
2012-03-09,69.02204895019531,68.68647766113281,68.94535064697266,68.81111907958984,1773900.0,52.77992630004883
2012-03-12,69.30968475341797,68.71524810791016,68.71524810791016,69.23297882080078,2154700.0,53.10350036621094
2012-03-13,70.05752563476562,69.37680053710938,69.37680053710938,70.0383529663086,2402600.0,53.72124099731445
2012-03-14,70.23969268798828,69.54937744140625,69.99040985107422,69.80824279785156,2092100.0,53.544742584228516
2012-03-15,70.08628845214844,69.52061462402344,69.7698974609375,69.91371154785156,2153500.0,53.62563705444336
2012-03-16,69.99040985107422,69.64525604248047,69.90412139892578,69.91371154785156,2436700.0,53.62563705444336
2012-03-19,70.13423156738281,69.57814025878906,69.82742309570312,70.0,1508500.0,53.69182586669922
2012-03-20,70.45062255859375,69.64525604248047,69.64525604248047,70.36433410644531,1832800.0,53.971275329589844
2012-03-21,70.6040267944336,70.2301025390625,70.30680847167969,70.39309692382812,1509500.0,53.993350982666016
2012-03-22,70.4985580444336,70.10546875,70.27804565429688,70.3355712890625,1930000.0,53.94921112060547
2012-03-23,70.53691101074219,69.99040985107422,70.44103240966797,70.11505126953125,1676700.0,53.78008270263672
2012-03-26,70.69031524658203,70.15340423583984,70.2684555053711,70.66155242919922,2346500.0,54.19925308227539
2012-03-27,70.88207244873047,70.61361694335938,70.78619384765625,70.64237976074219,1698900.0,54.184539794921875
2012-03-28,70.87248229980469,70.45062255859375,70.565673828125,70.85330963134766,2161700.0,54.34633255004883
2012-03-29,70.9012451171875,70.22052001953125,70.72866821289062,70.79578399658203,2552100.0,54.30220413208008
2012-03-30,71.32310485839844,70.79578399658203,70.88207244873047,70.84371948242188,3153500.0,54.33897399902344
2012-04-02,71.75455474853516,70.671142578125,70.71907806396484,71.49568176269531,2537600.0,54.83903503417969
2012-04-03,71.65867614746094,71.1984634399414,71.43815612792969,71.37104797363281,2016500.0,54.743446350097656
2012-04-04,71.62991333007812,71.09300231933594,71.21764373779297,71.16011810302734,2818300.0,54.58167266845703
2012-04-05,71.34228515625,70.77660369873047,71.06423950195312,71.3039321899414,1625300.0,54.691978454589844
2012-04-09,71.1697006225586,70.82454681396484,71.0067138671875,70.97795104980469,1492900.0,54.441925048828125
2012-04-10,70.97795104980469,70.30680847167969,70.87248229980469,70.4985580444336,2092300.0,54.07423400878906
2012-04-11,71.10259246826172,70.59443664550781,71.10259246826172,70.89165496826172,1929500.0,54.375736236572266
2012-04-12,71.18888092041016,70.52732849121094,70.87248229980469,71.11217498779297,1611600.0,54.544891357421875
2012-04-13,71.70661926269531,70.95877075195312,71.03547668457031,71.28475189208984,2083300.0,54.6772575378418
2012-04-16,71.85043334960938,71.32310485839844,71.40939331054688,71.64908599853516,2021600.0,54.95670700073242
2012-04-17,72.38734436035156,71.60115051269531,71.77372741699219,72.38734436035156,2546300.0,55.52297592163086
2012-04-18,72.63662719726562,72.21476745605469,72.25311279296875,72.5407485961914,2075600.0,55.64064407348633
2012-04-19,72.64620971679688,71.88877868652344,72.5119857788086,72.16682434082031,2367000.0,55.353824615478516
2012-04-20,73.91179656982422,72.7708511352539,72.89549255371094,73.31735229492188,4053700.0,56.236324310302734
2012-04-23,73.58580780029297,72.39693450927734,72.76126861572266,73.48992919921875,3519100.0,56.36868667602539
2012-04-24,75.48417663574219,73.4132308959961,73.48992919921875,75.45541381835938,5798000.0,57.87626266479492
2012-04-25,75.94438934326172,75.18695831298828,75.43624114990234,75.48417663574219,3693300.0,57.898319244384766
2012-04-26,75.98274230957031,75.23490142822266,75.29242706298828,75.78140258789062,2447600.0,58.126312255859375
2012-04-27,75.81974792480469,75.29242706298828,75.81974792480469,75.43624114990234,2693800.0,57.861549377441406
2012-04-30,75.2828369140625,74.60211181640625,74.68840026855469,75.23490142822266,3567400.0,57.70714569091797
2012-05-01,75.62799835205078,74.64045715332031,74.69798278808594,75.052734375,3496100.0,57.56740951538086
2012-05-02,75.41706848144531,74.53499603271484,74.6500473022461,75.30201721191406,3710500.0,57.758602142333984
2012-05-03,75.76222229003906,75.03355407714844,75.03355407714844,75.49376678466797,3140200.0,57.90568542480469
2012-05-04,75.74304962158203,75.0143814086914,75.36912536621094,75.06231689453125,2481200.0,57.574745178222656
2012-05-07,75.93480682373047,74.79386138916016,74.79386138916016,75.74304962158203,2860800.0,58.09688949584961
2012-05-08,75.94438934326172,75.36912536621094,75.44583129882812,75.62799835205078,3361200.0,58.00865173339844
2012-05-09,76.51007080078125,75.26366424560547,75.3211898803711,76.26078796386719,4198800.0,58.49401092529297
2012-05-10,76.63470458984375,76.2511978149414,76.5867691040039,76.4525375366211,2548800.0,58.641090393066406
2012-05-11,76.49089050292969,76.07862091064453,76.44295501708984,76.11697387695312,1742400.0,58.38370895385742
2012-05-14,76.46212768554688,75.9156265258789,75.9156265258789,76.2511978149414,2391200.0,58.486656188964844
2012-05-15,76.54841613769531,75.8868637084961,76.3279037475586,76.40460205078125,2724600.0,58.60432815551758
2012-05-16,76.70182037353516,76.29913330078125,76.5867691040039,76.47171783447266,3079500.0,58.65579605102539
2012-05-17,76.64429473876953,75.75263977050781,76.59635925292969,75.75263977050781,2066200.0,58.10426330566406
2012-05-18,76.28955078125,75.40747833251953,75.83892822265625,75.5800552368164,2565100.0,57.971893310546875
2012-05-21,75.62799835205078,74.97602844238281,75.60881805419922,75.39788818359375,2618700.0,57.83213806152344
2012-05-22,75.81016540527344,75.25407409667969,75.39788818359375,75.43624114990234,1945500.0,57.861549377441406
2012-05-23,75.5512924194336,74.83221435546875,75.25407409667969,75.25407409667969,2024200.0,57.72185516357422
2012-05-24,76.07862091064453,75.20613861083984,75.2444839477539,75.94438934326172,8068800.0,58.25131607055664
2012-05-25,76.42377471923828,75.78140258789062,75.78140258789062,76.18408203125,7587000.0,58.43517303466797
2012-05-29,76.57717895507812,76.06903076171875,76.34707641601562,76.47171783447266,8443200.0,58.65579605102539
2012-05-30,76.6251220703125,75.94438934326172,76.09779357910156,75.9923324584961,2193400.0,58.28809356689453
2012-05-31,76.46212768554688,75.87727355957031,76.07862091064453,76.07862091064453,2420400.0,58.354270935058594
2012-06-01,75.74304962158203,74.947265625,75.63758087158203,75.052734375,2431900.0,57.56740951538086
2012-06-04,75.63758087158203,74.59252166748047,75.10066986083984,75.60881805419922,2584500.0,57.993927001953125
2012-06-05,76.00191497802734,75.03355407714844,75.52252960205078,75.98274230957031,3960000.0,58.28074645996094
2012-06-06,76.94151306152344,75.42665100097656,75.59923553466797,76.9223403930664,4527000.0,59.55756378173828
2012-06-07,77.46884155273438,76.88398742675781,77.18120574951172,77.27708435058594,4522900.0,59.83223342895508
2012-06-08,77.98657989501953,77.0853271484375,77.2291488647461,77.85234832763672,2440300.0,60.27761459350586
2012-06-11,78.31256103515625,77.67977142333984,78.10163116455078,77.7948226928711,2616500.0,60.23308563232422
2012-06-12,78.14956665039062,77.49760437011719,77.9290542602539,78.14956665039062,2552200.0,60.507747650146484
2012-06-13,78.35091400146484,77.61265563964844,77.9290542602539,78.28379821777344,2330300.0,60.611671447753906
2012-06-14,79.17545318603516,78.1303939819336,78.50431823730469,79.1658706665039,2570800.0,61.29463195800781
2012-06-15,79.51102447509766,78.96452331542969,79.30009460449219,79.07957458496094,3402400.0,61.22780227661133
2012-06-18,79.37680053710938,78.81111907958984,79.04122924804688,79.37680053710938,1763800.0,61.457950592041016
2012-06-19,79.89453125,79.18504333496094,79.53978729248047,79.77947998046875,2397600.0,61.769718170166016
2012-06-20,79.42473602294922,78.092041015625,79.28092193603516,78.24544525146484,4618200.0,60.58198928833008
2012-06-21,78.45637512207031,77.28667449951172,78.37008666992188,77.38255310058594,2975000.0,59.913875579833984
2012-06-22,78.22627258300781,77.53595733642578,77.95781707763672,78.0249252319336,2081200.0,60.411251068115234
2012-06-25,77.95781707763672,77.46884155273438,77.66059112548828,77.66059112548828,1681400.0,60.129154205322266
2012-06-26,78.52349090576172,77.57430267333984,77.90987396240234,78.30297088623047,2211600.0,60.62653732299805
2012-06-27,78.92617797851562,78.40843963623047,78.59060668945312,78.48513793945312,1935500.0,60.76756286621094
2012-06-28,79.18504333496094,77.94822692871094,78.29338073730469,79.15628051757812,1980500.0,61.28718948364258
2012-06-29,80.31639862060547,78.9932861328125,79.56855010986328,80.31639862060547,2536300.0,62.18544387817383
2012-07-02,80.44103240966797,79.6260757446289,80.00959014892578,80.44103240966797,1998200.0,62.28193664550781
2012-07-03,80.7094955444336,80.3355712890625,80.53691101074219,80.53691101074219,1523400.0,62.356163024902344
2012-07-05,80.7382583618164,80.35474395751953,80.64237976074219,80.6327896118164,1658500.0,62.43040084838867
2012-07-06,80.75743103027344,80.15340423583984,80.2972183227539,80.45062255859375,1380200.0,62.289329528808594
2012-07-09,80.87248229980469,80.2972183227539,80.45062255859375,80.82454681396484,1583200.0,62.5788688659668
2012-07-10,81.2751693725586,80.7382583618164,81.01629638671875,81.2751693725586,1983300.0,62.92775344848633
2012-07-11,81.39981079101562,80.69031524658203,81.20805358886719,80.87248229980469,2208500.0,62.6159782409668
2012-07-12,81.09300231933594,80.565673828125,80.82454681396484,80.85330963134766,2356400.0,62.601139068603516
2012-07-13,81.83125305175781,80.91083526611328,80.98753356933594,81.69702911376953,1672400.0,63.25440216064453
2012-07-16,82.2051773071289,81.40939331054688,81.40939331054688,81.68743896484375,1504000.0,63.24695587158203
2012-07-17,82.58868408203125,81.74496459960938,82.18600463867188,82.28187561035156,2091600.0,63.70720672607422
2012-07-18,82.69415283203125,82.01342010498047,82.18600463867188,82.52157592773438,1687300.0,63.89281463623047
2012-07-19,82.68456268310547,81.92713165283203,82.53115844726562,82.33940887451172,1893500.0,63.751766204833984
2012-07-20,82.2435302734375,81.15052795410156,81.81208038330078,81.33269500732422,3398300.0,62.97229766845703
2012-07-23,81.59156036376953,80.92042541503906,80.92042541503906,81.20805358886719,2364100.0,62.87579345703125
2012-07-24,81.24640655517578,79.63566589355469,81.15052795410156,80.04793548583984,3428800.0,61.977561950683594
2012-07-25,80.59443664550781,79.78907012939453,80.04793548583984,79.9616470336914,2589800.0,61.91077423095703
2012-07-26,82.69415283203125,80.42185974121094,80.53691101074219,82.18600463867188,2962200.0,63.63298797607422
2012-07-27,84.07478332519531,81.74496459960938,82.2435302734375,83.72003936767578,3375800.0,64.82072448730469
2012-07-30,84.37200164794922,83.31735229492188,83.52828216552734,84.30489349365234,2530300.0,65.27354431152344
2012-07-31,84.276123046875,83.30776977539062,84.12272644042969,83.32694244384766,2695000.0,64.516357421875
2012-08-01,84.1131362915039,83.30776977539062,83.50910949707031,83.57622528076172,3498300.0,64.7093734741211
2012-08-02,83.96932220458984,82.8092041015625,83.72003936767578,83.29817962646484,3090300.0,64.49409484863281
2012-08-03,84.6116943359375,81.67784881591797,83.98849487304688,81.83125305175781,4957600.0,63.35832595825195
2012-08-06,82.0997085571289,80.0671157836914,81.92713165283203,80.25886535644531,5104200.0,62.140869140625
2012-08-07,80.71907806396484,77.93863677978516,80.54650115966797,79.30968475341797,7306500.0,61.40596389770508
2012-08-08,80.21092987060547,79.0987548828125,79.0987548828125,79.81783294677734,5088400.0,61.79941177368164
2012-08-09,79.81783294677734,79.2617416381836,79.57814025878906,79.434326171875,2820300.0,61.50249099731445
2012-08-10,79.63566589355469,79.25215911865234,79.33844757080078,79.40556335449219,2315000.0,61.480224609375
2012-08-13,79.47267150878906,79.0316390991211,79.28092193603516,79.08916473388672,2190400.0,61.23524475097656
2012-08-14,79.56855010986328,79.05081176757812,79.41514587402344,79.52061462402344,2348300.0,61.56928634643555
2012-08-15,79.9616470336914,79.14669036865234,79.46308898925781,79.60690307617188,1515700.0,61.63608169555664
2012-08-16,80.13423156738281,79.38638305664062,79.48226165771484,80.00959014892578,1969800.0,61.94786071777344
2012-08-17,80.58485412597656,79.82742309570312,80.0383529663086,80.48897552490234,2205700.0,62.31904983520508
2012-08-20,80.72866821289062,80.2301025390625,80.36433410644531,80.61361694335938,2186700.0,62.41553497314453
2012-08-21,81.01629638671875,80.565673828125,80.76702117919922,80.69990539550781,2136700.0,62.48237609863281
2012-08-22,80.82454681396484,80.18216705322266,80.565673828125,80.39309692382812,2135800.0,62.24481964111328
2012-08-23,80.50814819335938,79.89453125,80.27804565429688,79.98082733154297,1245700.0,61.925601959228516
2012-08-24,80.53691101074219,79.86576843261719,79.86576843261719,80.21092987060547,1366300.0,62.103782653808594
2012-08-27,80.41226959228516,80.15340423583984,80.15340423583984,80.17257690429688,1022100.0,62.07408905029297
2012-08-28,80.4985580444336,80.0,80.0,80.22052001953125,1081300.0,62.11119079589844
2012-08-29,80.31639862060547,79.98082733154297,80.22052001953125,80.04793548583984,1337300.0,61.977561950683594
2012-08-30,80.13423156738281,79.08916473388672,79.95206451416016,80.0383529663086,2249000.0,61.970157623291016
2012-08-31,80.44103240966797,79.84659576416016,80.24928283691406,80.15340423583984,1854000.0,62.059226989746094
2012-09-04,80.91083526611328,79.9328842163086,80.32598114013672,80.27804565429688,3637300.0,62.155738830566406
2012-09-05,79.88494873046875,79.19463348388672,79.47267150878906,79.19463348388672,3404400.0,61.8636474609375
2012-09-06,80.18216705322266,79.45349884033203,79.45349884033203,80.17257690429688,2009300.0,62.62758255004883
2012-09-07,80.53691101074219,79.25215911865234,80.30680847167969,79.51102447509766,2248000.0,62.110801696777344
2012-09-10,79.49185180664062,78.83988189697266,79.48226165771484,78.97411346435547,1993900.0,61.69139099121094
2012-09-11,79.35762023925781,78.64813232421875,79.06999206542969,78.95494079589844,1776300.0,61.6763916015625
2012-09-12,79.3959732055664,78.76318359375,79.0316390991211,78.94535064697266,1632300.0,61.66890335083008
2012-09-13,79.90412139892578,78.66730499267578,78.66730499267578,79.83700561523438,2469700.0,62.36542892456055
2012-09-14,79.95206451416016,78.51390075683594,79.85618591308594,79.27133178710938,3475200.0,61.92353057861328
2012-09-17,79.68360137939453,78.83988189697266,79.24256896972656,79.5973129272461,2009800.0,62.17820358276367
2012-09-18,80.18216705322266,79.41514587402344,79.49185180664062,80.18216705322266,1805000.0,62.63505935668945
2012-09-19,80.89165496826172,80.18216705322266,80.18216705322266,80.89165496826172,2159100.0,63.189273834228516
2012-09-20,81.64908599853516,80.9012451171875,80.9012451171875,81.49568176269531,2367100.0,63.661136627197266
2012-09-21,81.9750747680664,81.55321502685547,81.66826629638672,81.802490234375,3603400.0,63.900794982910156
2012-09-24,82.21476745605469,81.31352233886719,81.68743896484375,82.0709457397461,1787700.0,64.1104965209961
2012-09-25,82.63662719726562,81.9750747680664,82.26270294189453,81.9750747680664,2204200.0,64.03559112548828
2012-09-26,82.3106460571289,81.79290771484375,81.9750747680664,81.8408432006836,1659600.0,63.93075942993164
2012-09-27,82.37775421142578,81.5723876953125,81.99424743652344,82.15724182128906,1655500.0,64.17793273925781
2012-09-28,82.32981872558594,81.51486206054688,82.05177307128906,82.2435302734375,1899000.0,64.24531555175781
2012-10-01,83.06806945800781,82.08053588867188,82.2435302734375,82.86672973632812,1834800.0,64.73213195800781
2012-10-02,83.32694244384766,82.53115844726562,83.13518524169922,82.8092041015625,1686400.0,64.68720245361328
2012-10-03,83.09683227539062,82.58868408203125,83.0776596069336,82.88590240478516,1702500.0,64.74710083007812
2012-10-04,83.4132308959961,82.94343566894531,82.94343566894531,83.2118911743164,1301000.0,65.00174713134766
2012-10-05,83.55704498291016,83.13518524169922,83.49951934814453,83.30776977539062,1194000.0,65.07666015625
2012-10-08,83.33653259277344,82.88590240478516,83.25023651123047,83.0776596069336,1083400.0,64.89690399169922
2012-10-09,83.26941680908203,82.49280548095703,83.1064224243164,82.52157592773438,1596800.0,64.4625244140625
2012-10-10,83.23106384277344,82.35858154296875,82.64620971679688,82.44486999511719,1111200.0,64.40259552001953
2012-10-11,82.86672973632812,82.28187561035156,82.8475570678711,82.44486999511719,986500.0,64.40259552001953
2012-10-12,82.90508270263672,81.9750747680664,82.56951141357422,82.11888885498047,1186300.0,64.14796447753906
2012-10-15,82.99137115478516,82.01342010498047,82.09012603759766,82.71332550048828,1082500.0,64.61229705810547
2012-10-16,83.144775390625,82.64620971679688,82.8092041015625,83.08724975585938,1265300.0,64.90438842773438
2012-10-17,83.94055938720703,83.06806945800781,83.17353820800781,83.83509063720703,1098400.0,65.48857879638672
2012-10-18,84.18025207519531,83.4419937133789,83.70086669921875,84.06519317626953,1365700.0,65.6683349609375
2012-10-19,84.0076675415039,83.01054382324219,83.89261627197266,83.29817962646484,2140300.0,65.06916809082031
2012-10-22,83.25982666015625,82.35858154296875,83.11601257324219,82.97219848632812,1862300.0,64.81452941894531
2012-10-23,82.86672973632812,81.74496459960938,82.42569732666016,82.39693450927734,2002700.0,64.36515045166016
2012-10-24,83.29817962646484,80.54650115966797,82.86672973632812,80.74784088134766,3421900.0,63.076927185058594
2012-10-25,81.4669189453125,79.02204895019531,80.97795104980469,79.42473602294922,3798800.0,62.04338073730469
2012-10-26,79.58773040771484,78.87823486328125,79.45349884033203,79.33844757080078,2229300.0,61.97596740722656
2012-10-31,80.09587860107422,79.19463348388672,79.34803771972656,80.00959014892578,2744400.0,62.50022888183594
2012-11-01,80.69990539550781,79.63566589355469,79.95206451416016,80.30680847167969,2136400.0,62.732452392578125
2012-11-02,80.98753356933594,79.83700561523438,80.78619384765625,79.90412139892578,1902200.0,62.41786575317383
2012-11-05,79.92330169677734,79.44390869140625,79.61649322509766,79.7027816772461,1411400.0,62.260581970214844
2012-11-06,80.2972183227539,79.64525604248047,79.87535858154297,79.99040985107422,1192700.0,62.485267639160156
2012-11-07,79.94247436523438,78.76318359375,79.64525604248047,79.6644287109375,2042500.0,62.23062515258789
2012-11-08,80.25886535644531,79.19463348388672,79.37680053710938,79.19463348388672,1816600.0,61.8636474609375
2012-11-09,80.05752563476562,79.0987548828125,79.0987548828125,79.7027816772461,1888300.0,62.260581970214844
2012-11-12,80.30680847167969,79.35762023925781,79.69319152832031,80.19175720214844,1508000.0,62.642547607421875
2012-11-13,81.25598907470703,79.94247436523438,79.94247436523438,80.91083526611328,2266000.0,63.204280853271484
2012-11-14,81.24640655517578,80.14381408691406,81.06423950195312,80.4026870727539,2540000.0,62.807315826416016
2012-11-15,80.69031524658203,79.9616470336914,80.39309692382812,80.3739242553711,2072500.0,62.78483963012695
2012-11-16,81.52445220947266,80.35474395751953,80.6040267944336,81.52445220947266,2984000.0,63.683597564697266
2012-11-19,82.66539001464844,81.88877868652344,81.9750747680664,82.45446014404297,2462000.0,64.41007995605469
2012-11-20,82.73250579833984,81.99424743652344,82.34899139404297,82.66539001464844,1978500.0,64.57488250732422
2012-11-21,82.90508270263672,82.23394012451172,82.8763198852539,82.72291564941406,1151800.0,64.61979675292969
2012-11-23,83.73921203613281,82.79003143310547,82.90508270263672,83.73921203613281,727000.0,65.41368103027344
2012-11-26,83.4132308959961,82.66539001464844,83.4132308959961,82.81879425048828,1814800.0,64.69469451904297
2012-11-27,83.25023651123047,81.99424743652344,83.00096130371094,82.05177307128906,2210100.0,64.09552001953125
2012-11-28,82.75167846679688,81.93672180175781,82.16682434082031,82.48322296142578,2348100.0,64.43256378173828
2012-11-29,82.68456268310547,81.92713165283203,82.4736328125,82.1380615234375,2328000.0,64.16294860839844
2012-11-30,82.4736328125,81.93672180175781,82.19558715820312,82.18600463867188,3149300.0,64.20037841796875
2012-12-03,82.55033874511719,81.79290771484375,82.29146575927734,82.15724182128906,1958900.0,64.17793273925781
2012-12-04,82.45446014404297,81.6395034790039,81.99424743652344,82.27229309082031,2771000.0,64.26779174804688
2012-12-05,81.9750747680664,81.1984634399414,81.68743896484375,81.34228515625,1855300.0,64.0940170288086
2012-12-06,81.66826629638672,81.08341217041016,81.39022064208984,81.48609924316406,1478600.0,64.20734405517578
2012-12-07,82.38734436035156,81.5340347290039,81.54362487792969,82.36817169189453,1417000.0,64.90237426757812
2012-12-10,82.35858154296875,81.8696060180664,82.2051773071289,82.1764144897461,1480500.0,64.75128173828125
2012-12-11,82.55033874511719,82.03260040283203,82.35858154296875,82.2435302734375,1615600.0,64.80416107177734
2012-12-12,82.5119857788086,81.802490234375,82.45446014404297,81.9750747680664,1905700.0,64.59262084960938
2012-12-13,82.65579986572266,81.91754913330078,81.9750747680664,82.2435302734375,1574400.0,64.80416107177734
2012-12-14,82.44486999511719,81.39022064208984,82.05177307128906,81.54362487792969,2148400.0,64.252685546875
2012-12-17,82.0709457397461,81.51486206054688,81.66826629638672,81.99424743652344,1985500.0,64.60774230957031
2012-12-18,82.86672973632812,81.66826629638672,81.99424743652344,82.60786437988281,2476200.0,65.09123992919922
2012-12-19,82.71332550048828,81.43815612792969,82.60786437988281,81.49568176269531,1450700.0,64.21488952636719
2012-12-20,81.87919616699219,81.1984634399414,81.54362487792969,81.44774627685547,1514200.0,64.17713928222656
2012-12-21,81.49568176269531,80.44103240966797,81.23681640625,80.58485412597656,4432100.0,63.4972038269043
2012-12-24,80.52732849121094,80.16299438476562,80.22052001953125,80.3355712890625,755900.0,63.300785064697266
2012-12-26,80.62319946289062,79.83700561523438,80.31639862060547,80.04793548583984,1405800.0,63.07413864135742
2012-12-27,80.54650115966797,79.75071716308594,80.04793548583984,80.46979522705078,1555100.0,63.406551361083984
2012-12-28,80.59443664550781,79.69319152832031,80.19175720214844,79.7027816772461,1256000.0,62.80217361450195
2012-12-31,80.9683609008789,79.30009460449219,79.37680053710938,80.94918823242188,1773600.0,63.784278869628906
2013-01-02,82.83796691894531,81.49568176269531,81.85043334960938,82.81879425048828,2701300.0,65.25746154785156
2013-01-03,82.93384552001953,82.16682434082031,82.93384552001953,82.46404266357422,1875300.0,64.97792053222656
2013-01-04,82.81879425048828,82.06136322021484,82.62703704833984,82.79961395263672,1776400.0,65.24234008789062
2013-01-07,82.39693450927734,80.9012451171875,82.37775421142578,80.97795104980469,2791600.0,63.80696487426758
2013-01-08,81.09300231933594,80.46021270751953,80.80536651611328,80.565673828125,2512000.0,63.48208236694336
2013-01-09,81.36145782470703,80.565673828125,80.8341293334961,81.12176513671875,1923800.0,63.920257568359375
2013-01-10,81.5723876953125,80.9683609008789,81.29434204101562,81.42857360839844,1996900.0,64.1620101928711
2013-01-11,81.76414489746094,81.21764373779297,81.59156036376953,81.59156036376953,1313000.0,64.29045104980469
2013-01-14,82.30105590820312,81.54362487792969,81.72579193115234,82.11888885498047,1348000.0,64.70597076416016
2013-01-15,82.45446014404297,81.79290771484375,82.12847900390625,82.16682434082031,1560600.0,64.74373626708984
2013-01-16,82.14765167236328,81.67784881591797,82.14765167236328,81.96548461914062,1293600.0,64.58507537841797
2013-01-17,83.09683227539062,82.06136322021484,82.19558715820312,82.7708511352539,1252200.0,65.21968078613281
2013-01-18,83.26941680908203,82.45446014404297,82.9146728515625,83.24065399169922,1652400.0,65.58985900878906
2013-01-22,83.70086669921875,82.98178100585938,83.25982666015625,83.60498809814453,1446400.0,65.87694549560547
2013-01-23,84.0076675415039,83.27899932861328,83.27899932861328,83.4132308959961,1731300.0,65.72584533691406
2013-01-24,83.6433334350586,82.58868408203125,83.4132308959961,83.01054382324219,2541400.0,65.4085464477539
2013-01-25,84.07478332519531,82.48322296142578,83.99808502197266,82.70374298095703,3350400.0,65.16679382324219
2013-01-28,83.40364074707031,82.70374298095703,82.89549255371094,83.22147369384766,2149800.0,65.57473754882812
2013-01-29,84.80345153808594,83.02013397216797,83.02013397216797,84.50623321533203,3106500.0,66.58705139160156
2013-01-30,85.22531127929688,84.28571319580078,84.46788024902344,84.51582336425781,2004500.0,66.5946273803711
2013-01-31,85.90604400634766,83.91179656982422,84.56375885009766,85.81974792480469,4445300.0,67.6220474243164
2013-02-01,86.47171783447266,85.98274230957031,86.17449951171875,86.29913330078125,3221400.0,67.99979400634766
2013-02-04,86.19367218017578,85.54170989990234,85.73345947265625,85.618408203125,1651200.0,67.46342468261719
2013-02-05,87.05656433105469,85.9923324584961,86.01150512695312,86.5196533203125,2294100.0,68.17354583740234
2013-02-06,87.18120574951172,85.67593383789062,86.15531921386719,87.1524429321289,2033600.0,68.67218017578125
2013-02-07,87.40172576904297,86.71141052246094,87.03739166259766,87.2291488647461,1929500.0,68.73258209228516
2013-02-08,87.7948226928711,86.8935775756836,87.2291488647461,87.1524429321289,1723300.0,68.67218017578125
2013-02-11,87.17162322998047,86.49089050292969,86.5196533203125,86.67305755615234,1917000.0,68.29444885253906
2013-02-12,86.84563446044922,86.04985809326172,86.80728912353516,86.19367218017578,2045600.0,67.91670989990234
2013-02-13,86.36624908447266,85.69510650634766,86.14573669433594,86.18408203125,1971100.0,67.90912628173828
2013-02-14,86.80728912353516,86.08820343017578,86.16490936279297,86.47171783447266,1891800.0,68.13578033447266
2013-02-15,87.50719451904297,86.53883361816406,86.70182037353516,87.44007873535156,2296700.0,68.89881134033203
2013-02-19,88.41802215576172,87.54553985595703,87.5647201538086,88.40843963623047,2494400.0,69.66184997558594
2013-02-20,88.84947204589844,87.94822692871094,88.40843963623047,87.95781707763672,2570600.0,69.30677032470703
2013-02-21,88.4659652709961,87.37296295166016,87.73729705810547,88.07286834716797,1856000.0,69.39742279052734
2013-02-22,90.61361694335938,88.092041015625,88.092041015625,90.6040267944336,4916200.0,71.39183807373047
2013-02-25,91.9463119506836,90.35474395751953,90.7094955444336,90.35474395751953,4927200.0,71.1954345703125
2013-02-26,91.12176513671875,89.95206451416016,90.46979522705078,90.3355712890625,4043800.0,71.18032836914062
2013-02-27,91.5340347290039,89.87535858154297,90.12464141845703,91.26557922363281,1917600.0,71.91314697265625
2013-02-28,91.95589447021484,90.39309692382812,91.25598907470703,90.39309692382812,2935200.0,71.22566223144531
2013-03-01,90.66155242919922,89.88494873046875,90.3355712890625,90.41226959228516,2423000.0,71.2407455444336
2013-03-04,91.13135528564453,90.28762817382812,90.41226959228516,91.12176513671875,1634200.0,71.79981231689453
2013-03-05,92.52157592773438,91.42857360839844,91.42857360839844,91.91754913330078,2001800.0,72.42684173583984
2013-03-06,91.51486206054688,90.50814819335938,91.32310485839844,90.7382583618164,1732600.0,72.10686492919922
2013-03-07,91.29434204101562,90.09587860107422,90.89165496826172,90.09587860107422,2118100.0,71.59638977050781
2013-03-08,90.48897552490234,89.76030731201172,90.43144989013672,90.30680847167969,2415000.0,71.76399993896484
2013-03-11,90.77660369873047,89.92330169677734,90.34516143798828,90.00959014892578,2316700.0,71.52778625488281
2013-03-12,90.52732849121094,89.76030731201172,89.81783294677734,90.20133972167969,2002100.0,71.68019104003906
2013-03-13,90.35474395751953,89.45349884033203,90.12464141845703,89.54937744140625,2203700.0,71.1620864868164
2013-03-14,90.19175720214844,89.74113464355469,89.77947998046875,89.91371154785156,1953600.0,71.45162200927734
2013-03-15,90.10546875,88.83988189697266,89.6644287109375,89.41514587402344,3452500.0,71.05542755126953
2013-03-18,89.3672103881836,88.12080383300781,88.39884948730469,89.06999206542969,2265000.0,70.78113555908203
2013-03-19,90.12464141845703,89.0604019165039,89.06999206542969,90.02876281738281,1942500.0,71.54304504394531
2013-03-20,91.802490234375,90.15340423583984,90.16299438476562,91.60115051269531,2866300.0,72.79258728027344
2013-03-21,91.41898345947266,90.42185974121094,91.38063049316406,91.01629638671875,2827300.0,72.32781982421875
2013-03-22,91.9463119506836,91.04505920410156,91.08341217041016,91.71620178222656,1775300.0,72.88398742675781
2013-03-25,91.99424743652344,90.54650115966797,91.9463119506836,90.64237976074219,2975600.0,72.03064727783203
2013-03-26,93.36529541015625,91.07382202148438,91.07382202148438,93.30776977539062,3543400.0,74.14876556396484
2013-03-27,93.15436553955078,92.39693450927734,92.76126861572266,92.9146728515625,2033500.0,73.83636474609375
2013-03-28,93.95014190673828,92.49280548095703,92.68456268310547,93.94055938720703,2462300.0,74.65161895751953
2013-04-01,94.06519317626953,93.28858947753906,93.5474624633789,93.89261627197266,1625200.0,74.61353302001953
2013-04-02,95.77181243896484,93.7775650024414,94.23777770996094,95.67593383789062,2701800.0,76.03067016601562
2013-04-03,95.87727355957031,93.52828216552734,95.76222229003906,93.85426330566406,2885200.0,74.58304595947266
2013-04-04,94.54458618164062,93.81591796875,94.10354614257812,94.41035461425781,1896200.0,75.02494812011719
2013-04-05,95.59923553466797,93.33653259277344,93.58580780029297,95.2157211303711,2981700.0,75.66496276855469
2013-04-08,95.3499526977539,94.18025207519531,95.03355407714844,95.3499526977539,1484900.0,75.77162170410156
2013-04-09,95.45541381835938,94.6788101196289,95.30201721191406,95.2157211303711,1617900.0,75.66496276855469
2013-04-10,96.30872344970703,95.34036254882812,95.51294708251953,96.16490936279297,1800600.0,76.41925048828125
2013-04-11,97.03739166259766,95.94438934326172,96.2224349975586,96.95110321044922,2325900.0,77.04400634765625
2013-04-12,97.4880142211914,96.49089050292969,96.71141052246094,97.05656433105469,1443600.0,77.12779998779297
2013-04-15,97.64141845703125,96.05944061279297,96.74017333984375,96.07862091064453,1854400.0,76.35069274902344
2013-04-16,97.8235855102539,96.29913330078125,96.65388488769531,97.39213562011719,1813800.0,77.39447784423828
2013-04-17,97.4880142211914,96.19367218017578,97.10450744628906,96.51007080078125,1929800.0,76.69354248046875
2013-04-18,98.25503540039062,96.49089050292969,96.49089050292969,97.18120574951172,2730700.0,77.22688293457031
2013-04-19,102.14765167236328,99.5973129272461,100.671142578125,101.72579193115234,4746700.0,80.83830261230469
2013-04-22,101.36145782470703,100.2972183227539,100.89165496826172,101.23681640625,3652800.0,80.44973754882812
2013-04-23,101.86001586914062,99.9616470336914,101.43815612792969,101.14093780517578,4658100.0,80.37353515625
2013-04-24,101.05464935302734,99.05081176757812,100.82454681396484,99.1371078491211,3560200.0,78.7811508178711
2013-04-25,99.83700561523438,99.0604019165039,99.83700561523438,99.19463348388672,2146900.0,78.82686614990234
2013-04-26,99.79866027832031,98.73442077636719,99.28092193603516,98.86864471435547,2417600.0,78.56782531738281
2013-04-29,99.33844757080078,98.56184387207031,98.82070922851562,99.05081176757812,2336700.0,78.71257019042969
2013-04-30,99.0604019165039,98.31256103515625,98.74401092529297,98.93576049804688,1825400.0,78.62113952636719
2013-05-01,100.23969268798828,98.71524810791016,98.9932861328125,99.0316390991211,2721900.0,78.69734191894531
2013-05-02,100.671142578125,99.01246643066406,99.19463348388672,100.23969268798828,2477400.0,79.65734100341797
2013-05-03,101.32310485839844,99.79866027832031,100.71907806396484,101.03547668457031,2527100.0,80.28972625732422
2013-05-06,101.03547668457031,99.64525604248047,100.77660369873047,100.16299438476562,1851200.0,79.59639739990234
2013-05-07,100.59443664550781,99.86576843261719,100.28762817382812,100.20133972167969,1702800.0,79.62687683105469
2013-05-08,100.30680847167969,99.45349884033203,100.12464141845703,99.97123718261719,1649800.0,79.44403839111328
2013-05-09,100.10546875,98.40843963623047,99.9328842163086,98.7248306274414,2636200.0,78.45352935791016
2013-05-10,99.18504333496094,98.31256103515625,98.6960678100586,99.1658706665039,2034200.0,78.80400848388672
2013-05-13,99.71237182617188,98.7248306274414,99.19463348388672,99.434326171875,1336600.0,79.0173568725586
2013-05-14,100.7382583618164,99.58773040771484,99.65483856201172,100.72866821289062,1500900.0,80.0459213256836
2013-05-15,100.44103240966797,99.85618591308594,100.32598114013672,100.30680847167969,2646400.0,79.710693359375
2013-05-16,100.04793548583984,99.24256896972656,99.98082733154297,99.47267150878906,2307800.0,79.04780578613281
2013-05-17,100.08628845214844,99.02204895019531,99.56855010986328,100.04793548583984,2687100.0,79.50496673583984
2013-05-20,99.87535858154297,98.41802215576172,99.83700561523438,98.62895202636719,1824300.0,78.37731170654297
2013-05-21,98.76318359375,97.30584716796875,98.76318359375,97.70853424072266,3107000.0,77.6458969116211
2013-05-22,98.78235626220703,97.39213562011719,97.55513000488281,97.93863677978516,2501700.0,77.82876586914062
2013-05-23,98.9932861328125,96.9223403930664,97.13327026367188,98.31256103515625,7053800.0,78.12591552734375
2013-05-24,99.2617416381836,97.81399536132812,98.28379821777344,99.24256896972656,6697900.0,78.86497497558594
2013-05-28,100.30680847167969,99.57814025878906,99.9616470336914,100.22052001953125,7275800.0,79.64212036132812
2013-05-29,99.5973129272461,95.33078002929688,99.53978729248047,95.3883056640625,4942800.0,75.8021011352539
2013-05-30,96.79769897460938,95.52252960205078,95.64717102050781,96.17449951171875,2169600.0,76.42686462402344
2013-05-31,96.03067779541016,92.82837677001953,95.87727355957031,92.83796691894531,4217000.0,73.77542114257812
2013-06-03,93.11601257324219,91.5723876953125,93.00096130371094,92.71332550048828,4536900.0,73.67639923095703
2013-06-04,94.0460205078125,92.5119857788086,92.62703704833984,93.55704498291016,3125200.0,74.34683227539062
2013-06-05,92.69415283203125,91.73538208007812,92.69415283203125,91.76414489746094,2016100.0,73.53248596191406
2013-06-06,92.37775421142578,90.671142578125,91.47650909423828,92.37775421142578,3295600.0,74.02417755126953
2013-06-07,93.95973205566406,92.5791015625,93.17353820800781,93.11601257324219,2097900.0,74.61576080322266
2013-06-10,93.58580780029297,92.21476745605469,93.08724975585938,93.5474624633789,2160200.0,74.96149444580078
2013-06-11,94.4487075805664,92.5791015625,92.98178100585938,93.91179656982422,2007700.0,75.25343322753906
2013-06-12,94.87056732177734,92.79961395263672,94.69798278808594,92.81879425048828,2378800.0,74.37757873535156
2013-06-13,94.0076675415039,92.58868408203125,92.93384552001953,93.5474624633789,2601400.0,74.96149444580078
2013-06-14,94.6788101196289,93.45158386230469,93.5474624633789,93.82550048828125,2349300.0,75.18428039550781
2013-06-17,95.48417663574219,94.24736022949219,94.25695037841797,95.43624114990234,2020600.0,76.4749984741211
2013-06-18,95.57047271728516,94.79386138916016,95.57047271728516,95.34036254882812,1730600.0,76.39818572998047
2013-06-19,95.30201721191406,92.48322296142578,94.90892028808594,92.52157592773438,2431000.0,74.1394271850586
2013-06-20,91.92713165283203,89.94247436523438,91.92713165283203,90.75743103027344,5664500.0,72.72578430175781
2013-06-21,92.44486999511719,90.92042541503906,91.78331756591797,91.83125305175781,3933500.0,73.58625030517578
2013-06-24,92.09012603759766,89.89453125,90.7382583618164,91.1697006225586,2470000.0,73.05614471435547
2013-06-25,92.0997085571289,90.51773834228516,91.75455474853516,91.65867614746094,1988000.0,73.44796752929688
2013-06-26,93.28858947753906,92.30105590820312,92.4352798461914,92.99137115478516,2228700.0,74.51588439941406
2013-06-27,94.14189910888672,93.144775390625,93.46116638183594,93.30776977539062,1758200.0,74.76941680908203
2013-06-28,93.5186996459961,92.45446014404297,93.00096130371094,93.13518524169922,2593200.0,74.6311264038086
2013-07-01,94.0076675415039,92.88590240478516,92.88590240478516,93.16394805908203,1545700.0,74.6541748046875
2013-07-02,93.87344360351562,92.65579986572266,93.36529541015625,93.039306640625,1306900.0,74.55430603027344
2013-07-03,93.39405822753906,92.0709457397461,92.8475570678711,93.02972412109375,980800.0,74.5466079711914
2013-07-05,93.55704498291016,92.12847900390625,93.4132308959961,93.3748779296875,969200.0,74.82320404052734
2013-07-08,94.52540588378906,93.5186996459961,93.89261627197266,94.02684783935547,1611400.0,75.34561920166016
2013-07-09,94.99520874023438,94.26654052734375,94.62128448486328,94.46788024902344,1186500.0,75.69905090332031
2013-07-10,94.88973999023438,93.95973205566406,94.6500473022461,94.52540588378906,1928200.0,75.7451400756836
2013-07-11,95.73345947265625,94.84180450439453,95.37871551513672,95.54170989990234,1807200.0,76.55953216552734
2013-07-12,95.81016540527344,95.15819549560547,95.3211898803711,95.76222229003906,1198100.0,76.7362289428711
2013-07-15,96.07862091064453,94.9856185913086,95.77181243896484,95.9923324584961,1445300.0,76.92062377929688
2013-07-16,96.13614654541016,95.41706848144531,95.77181243896484,96.05944061279297,2252100.0,76.9743881225586
2013-07-17,96.65388488769531,95.41706848144531,96.5196533203125,95.53211975097656,1464000.0,76.55183410644531
2013-07-18,95.89645385742188,94.7171630859375,95.63758087158203,94.83221435546875,2338900.0,75.99099731445312
2013-07-19,95.3883056640625,94.1131362915039,94.86097717285156,95.3883056640625,3047200.0,76.43659210205078
2013-07-22,94.83221435546875,92.1764144897461,93.4419937133789,93.65292358398438,3378500.0,75.04598236083984
2013-07-23,94.30489349365234,92.59827423095703,93.65292358398438,94.1514892578125,2453000.0,75.44552612304688
2013-07-24,94.24736022949219,93.6433334350586,94.13230895996094,93.81591796875,1675600.0,75.17662048339844
2013-07-25,94.7171630859375,93.60498809814453,93.78715515136719,94.41035461425781,1248100.0,75.65293884277344
2013-07-26,94.52540588378906,93.42282104492188,94.28571319580078,94.33365631103516,1386000.0,75.59148406982422
2013-07-29,94.62128448486328,93.87344360351562,94.14189910888672,94.09395599365234,975300.0,75.39939880371094
2013-07-30,94.89933013916016,93.6720962524414,94.47747039794922,93.92137908935547,1154200.0,75.26111602783203
2013-07-31,95.17737579345703,93.87344360351562,93.87344360351562,94.72675323486328,2022800.0,75.906494140625
2013-08-01,95.86769104003906,94.19942474365234,95.34036254882812,94.7171630859375,1898000.0,75.8987808227539
2013-08-02,95.53211975097656,94.1131362915039,94.60211181640625,95.50335693359375,1886900.0,76.52879333496094
2013-08-05,95.5800552368164,94.93768310546875,95.17737579345703,95.22531127929688,1282500.0,76.30598449707031
2013-08-06,95.80057525634766,95.04314422607422,95.16778564453125,95.62799835205078,1254600.0,76.6286849975586
2013-08-07,95.44583129882812,94.55416870117188,95.23490142822266,94.8801498413086,1196400.0,76.02940368652344
2013-08-08,95.07190704345703,93.79673767089844,95.052734375,94.50623321533203,1422100.0,75.72976684570312
2013-08-09,94.84180450439453,93.96932220458984,94.36241912841797,94.46788024902344,1246000.0,75.69905090332031
2013-08-12,94.35282897949219,93.43240356445312,94.0460205078125,94.24736022949219,1079800.0,75.52232360839844
2013-08-13,94.88973999023438,93.76797485351562,94.33365631103516,94.09395599365234,1128600.0,75.39939880371094
2013-08-14,94.18983459472656,92.61744689941406,93.90220642089844,92.79003143310547,1827100.0,74.35453796386719
2013-08-15,92.71332550048828,91.79290771484375,92.53115844726562,91.85043334960938,1588400.0,73.60163116455078
2013-08-16,91.66826629638672,90.9683609008789,91.62032318115234,91.02588653564453,2224600.0,72.94090270996094
2013-08-19,91.01629638671875,90.32598114013672,90.98753356933594,90.69990539550781,1540800.0,72.6796875
2013-08-20,91.71620178222656,90.50814819335938,90.69990539550781,91.07382202148438,1280000.0,72.97931671142578
2013-08-21,91.01629638671875,90.13423156738281,90.9395980834961,90.20133972167969,1272600.0,72.28018188476562
2013-08-22,92.33940887451172,89.74113464355469,90.23969268798828,91.66826629638672,2161200.0,73.45565795898438
2013-08-23,92.27229309082031,91.5723876953125,92.03260040283203,91.93672180175781,1119700.0,73.67076110839844
2013-08-26,92.11888885498047,90.61361694335938,91.9750747680664,90.6327896118164,1061700.0,72.62590789794922
2013-08-27,90.17257690429688,88.89740753173828,89.80824279785156,89.67401885986328,1938500.0,71.8576431274414
2013-08-28,89.5014419555664,88.68647766113281,89.47267150878906,88.71524810791016,1459400.0,71.08934783935547
2013-08-29,89.46308898925781,88.20709228515625,88.39884948730469,89.11792755126953,1254900.0,71.41200256347656
2013-08-30,89.7315444946289,88.94535064697266,89.3672103881836,89.6260757446289,1774500.0,71.81920623779297
2013-09-03,90.3355712890625,88.63854217529297,90.27804565429688,88.82070922851562,1925800.0,71.17385864257812
2013-09-04,88.88782501220703,87.67018127441406,88.63854217529297,88.67689514160156,1573300.0,71.68540954589844
2013-09-05,88.63854217529297,87.8235855102539,88.58101654052734,88.4659652709961,1366000.0,71.51488494873047
2013-09-06,89.7315444946289,88.20709228515625,88.70565795898438,89.22339630126953,1620400.0,72.12716674804688
2013-09-09,89.75071716308594,88.97411346435547,89.19463348388672,89.75071716308594,1603100.0,72.55345153808594
2013-09-10,90.62319946289062,89.434326171875,90.22052001953125,90.02876281738281,1331700.0,72.77824401855469
2013-09-11,90.69031524658203,89.38638305664062,89.82742309570312,90.66155242919922,1319800.0,73.2897720336914
2013-09-12,91.51486206054688,90.4985580444336,90.671142578125,90.9395980834961,1413700.0,73.51455688476562
2013-09-13,91.96548461914062,91.12176513671875,91.23681640625,91.74496459960938,1226100.0,74.16559600830078
2013-09-16,92.95301818847656,92.23394012451172,92.56951141357422,92.45446014404297,1133200.0,74.7391357421875
2013-09-17,92.8763198852539,92.0709457397461,92.46404266357422,92.38734436035156,1043000.0,74.68486785888672
2013-09-18,93.70086669921875,92.09012603759766,92.42569732666016,93.68168640136719,1473400.0,75.7312240600586
2013-09-19,93.94055938720703,92.69415283203125,93.87344360351562,93.19271087646484,1580700.0,75.33592987060547
2013-09-20,93.19271087646484,92.22434997558594,93.08724975585938,92.23394012451172,1747600.0,74.56085968017578
2013-09-23,92.3106460571289,91.33269500732422,92.19558715820312,91.8408432006836,1250000.0,74.24310302734375
2013-09-24,92.05177307128906,91.37104797363281,91.802490234375,91.43815612792969,1313300.0,73.91756439208984
2013-09-25,92.1380615234375,90.69990539550781,91.72579193115234,90.78619384765625,1736300.0,73.3905258178711
2013-09-26,91.59156036376953,90.84371948242188,90.99712371826172,91.52445220947266,956100.0,73.9873275756836
2013-09-27,91.40939331054688,90.21092987060547,91.24640655517578,90.88207244873047,1031500.0,73.46802520751953
2013-09-30,90.97795104980469,89.91371154785156,90.50814819335938,90.3355712890625,1851900.0,73.02623748779297
2013-10-01,90.71907806396484,89.56855010986328,89.63566589355469,90.48897552490234,1424800.0,73.1502456665039
2013-10-02,90.38350677490234,89.35762023925781,90.34516143798828,90.3739242553711,1519000.0,73.0572509765625
2013-10-03,90.82454681396484,89.46308898925781,90.3739242553711,90.54650115966797,1844300.0,73.19676208496094
2013-10-04,90.88207244873047,90.15340423583984,90.48897552490234,90.3739242553711,1233400.0,73.0572509765625
2013-10-07,90.74784088134766,89.69319152832031,89.94247436523438,89.99040985107422,1027200.0,72.7472152709961
2013-10-08,90.23969268798828,89.28092193603516,89.65483856201172,89.34803771972656,2100600.0,72.22794342041016
2013-10-09,91.08341217041016,89.35762023925781,89.69319152832031,90.39309692382812,2147200.0,73.07276153564453
2013-10-10,91.98465728759766,90.671142578125,91.07382202148438,91.9750747680664,1299800.0,74.35159301757812
2013-10-11,93.01054382324219,91.37104797363281,91.89836883544922,92.95301818847656,1237600.0,75.14214324951172
2013-10-14,92.97219848632812,92.25311279296875,92.4736328125,92.96260833740234,1548400.0,75.14991760253906
2013-10-15,92.97219848632812,92.36817169189453,92.9146728515625,92.56951141357422,1358800.0,74.83213806152344
2013-10-16,94.3432388305664,92.86672973632812,93.02972412109375,93.95973205566406,1598800.0,75.95599365234375
2013-10-17,95.14861297607422,93.5186996459961,93.62416076660156,94.95685577392578,1516100.0,76.76203918457031
2013-10-18,95.52252960205078,94.42952728271484,95.52252960205078,95.09107971191406,1871800.0,76.87055206298828
2013-10-21,94.80345153808594,93.95973205566406,94.7555160522461,94.7555160522461,1994800.0,76.59927368164062
2013-10-22,99.21380615234375,96.67305755615234,98.20709228515625,98.7248306274414,3764700.0,79.80802917480469
2013-10-23,100.97795104980469,97.97698974609375,98.00575256347656,100.6327896118164,3020000.0,81.35039520263672
2013-10-24,100.71907806396484,99.87535858154297,100.4026870727539,99.91371154785156,1853200.0,80.76911163330078
2013-10-25,101.20805358886719,99.34803771972656,99.71237182617188,101.16011810302734,1517500.0,81.77668762207031
2013-10-28,103.39405822753906,100.93000793457031,101.16011810302734,102.88590240478516,2523200.0,83.17178344726562
2013-10-29,103.7488021850586,102.59827423095703,102.99137115478516,103.71044921875,2294200.0,83.83834075927734
2013-10-30,104.0843734741211,102.59827423095703,103.86385345458984,103.45158386230469,1760700.0,83.62908172607422
2013-10-31,103.92137908935547,102.73250579833984,103.4419937133789,103.5474624633789,1436800.0,83.70659637451172
2013-11-01,103.82550048828125,102.8475570678711,103.42282104492188,103.55704498291016,1594100.0,83.7143325805664
2013-11-04,104.39118194580078,103.1064224243164,103.59539794921875,104.36241912841797,1292200.0,84.36538696289062
2013-11-05,104.54458618164062,103.59539794921875,104.06519317626953,104.32406616210938,1039700.0,84.33438873291016
2013-11-06,105.19654846191406,103.87344360351562,104.46788024902344,105.11026000976562,1290500.0,84.96994018554688
2013-11-07,105.15819549560547,103.28858947753906,105.13902282714844,103.43240356445312,1648100.0,83.61357116699219
2013-11-08,103.6433334350586,102.32022857666016,103.43240356445312,103.57622528076172,1732600.0,83.72984313964844
2013-11-11,104.26654052734375,103.38446807861328,103.57622528076172,103.50910949707031,952400.0,83.67558288574219
2013-11-12,103.93096923828125,103.039306640625,103.4419937133789,103.7488021850586,1270300.0,83.86934661865234
2013-11-13,104.36241912841797,103.13518524169922,103.29817962646484,104.35282897949219,1223200.0,84.35762786865234
2013-11-14,105.37871551513672,104.36241912841797,104.60211181640625,105.18695831298828,1340400.0,85.0319595336914
2013-11-15,107.07574462890625,103.81591796875,106.94151306152344,104.7555160522461,3462700.0,84.68315887451172
2013-11-18,104.92809295654297,103.15436553955078,104.50623321533203,103.5474624633789,2644900.0,83.70659637451172
2013-11-19,103.69127655029297,102.96260833740234,103.29817962646484,103.43240356445312,2055700.0,83.61357116699219
2013-11-20,104.381591796875,103.13518524169922,103.39405822753906,103.3748779296875,1313900.0,83.56706237792969
2013-11-21,104.05561065673828,103.26941680908203,103.59539794921875,103.47075653076172,4902600.0,83.64456939697266
2013-11-22,104.7842788696289,103.29817962646484,103.29817962646484,104.50623321533203,6736500.0,84.48165130615234
2013-11-25,104.86097717285156,103.70086669921875,104.49664306640625,103.89261627197266,1075400.0,83.9856185913086
2013-11-26,104.40076446533203,103.6720962524414,103.96932220458984,103.6720962524414,1770000.0,83.80734252929688
2013-11-27,103.92137908935547,103.0776596069336,103.75839233398438,103.75839233398438,1262200.0,83.87712097167969
2013-11-29,105.02397155761719,103.68168640136719,103.78715515136719,104.65963745117188,1545200.0,84.60567474365234
2013-12-02,104.88973999023438,102.62703704833984,104.37200164794922,102.73250579833984,2423000.0,83.04777526855469
2013-12-03,102.33940887451172,101.16011810302734,102.19558715820312,102.09012603759766,3130300.0,82.52849578857422
2013-12-04,100.79578399658203,99.75071716308594,100.671142578125,99.90412139892578,2809800.0,81.38040924072266
2013-12-05,100.0,99.15628051757812,99.74113464355469,99.61649322509766,2164100.0,81.1461181640625
2013-12-06,101.24640655517578,100.41226959228516,100.43144989013672,101.22722625732422,1930200.0,82.45820617675781
2013-12-09,101.85043334960938,101.03547668457031,101.48609924316406,101.4669189453125,1345200.0,82.65345764160156
2013-12-10,101.15052795410156,100.2684555053711,101.07382202148438,100.58485412597656,1690100.0,81.93492126464844
2013-12-11,101.79290771484375,100.64237976074219,100.82454681396484,101.03547668457031,1721200.0,82.302001953125
2013-12-12,100.92042541503906,99.46308898925781,100.78619384765625,99.54937744140625,1616900.0,81.09146118164062
2013-12-13,100.0383529663086,99.0987548828125,99.7315444946289,99.63566589355469,1031800.0,81.16175842285156
2013-12-16,100.565673828125,99.56855010986328,100.08628845214844,99.74113464355469,1505300.0,81.24767303466797
2013-12-17,99.7027816772461,98.30297088623047,99.5014419555664,98.51390075683594,1846000.0,80.24796295166016
2013-12-18,100.84371948242188,98.47554779052734,98.9932861328125,100.80536651611328,1855800.0,82.11456298828125
2013-12-19,100.74784088134766,99.75071716308594,100.02876281738281,100.07669830322266,1619300.0,81.52098846435547
2013-12-20,101.25598907470703,99.87535858154297,100.35474395751953,100.84371948242188,2106500.0,82.14580535888672
2013-12-23,101.04505920410156,100.12464141845703,100.94918823242188,100.2301025390625,1124800.0,81.64596557617188
2013-12-24,100.84371948242188,100.14381408691406,100.38350677490234,100.46979522705078,403400.0,81.8412094116211
2013-12-26,100.79578399658203,100.10546875,100.47938537597656,100.66155242919922,670600.0,81.99739837646484
2013-12-27,101.43815612792969,100.671142578125,100.88207244873047,100.76702117919922,698000.0,82.08333587646484
2013-12-30,101.60115051269531,100.62319946289062,100.76702117919922,101.56279754638672,1049600.0,82.73155975341797
2013-12-31,101.38063049316406,99.86576843261719,101.37104797363281,100.15340423583984,1377800.0,81.5834732055664
2014-01-02,100.30680847167969,99.25215911865234,100.01917266845703,99.55896759033203,1494500.0,81.09925842285156
2014-01-03,100.59443664550781,99.6644287109375,100.00959014892578,100.04793548583984,1402000.0,81.49757385253906
2014-01-06,100.9683609008789,99.79866027832031,100.46021270751953,100.05752563476562,1647400.0,81.50537872314453
2014-01-07,100.53691101074219,98.57142639160156,99.0987548828125,99.69319152832031,1755300.0,81.20860290527344
2014-01-08,99.60690307617188,98.81111907958984,99.5973129272461,99.02204895019531,1933700.0,80.66190338134766
2014-01-09,99.80824279785156,99.05081176757812,99.23297882080078,99.45349884033203,1513700.0,81.01333618164062
2014-01-10,100.54650115966797,99.61649322509766,99.76030731201172,100.53691101074219,1755100.0,81.89588165283203
2014-01-13,101.22722625732422,99.91371154785156,100.08628845214844,100.41226959228516,1956400.0,81.79435729980469
2014-01-14,101.33269500732422,100.12464141845703,100.42185974121094,101.08341217041016,2056300.0,82.34104919433594
2014-01-15,101.33269500732422,100.38350677490234,101.11217498779297,101.03547668457031,1525800.0,82.302001953125
2014-01-16,101.69702911376953,100.22052001953125,100.84371948242188,101.67784881591797,1350300.0,82.82527923583984
2014-01-17,102.0997085571289,101.09300231933594,102.08053588867188,101.11217498779297,2863000.0,82.3644790649414
2014-01-21,102.44486999511719,100.99712371826172,101.49568176269531,102.04218292236328,2058000.0,83.12207794189453
2014-01-22,102.41610717773438,101.55321502685547,101.96548461914062,101.6395034790039,1702800.0,82.79405212402344
2014-01-23,101.8408432006836,100.79578399658203,101.1697006225586,101.07382202148438,2381700.0,82.33324432373047
2014-01-24,105.86769104003906,102.34899139404297,103.66251373291016,102.97219848632812,3493000.0,83.87964630126953
2014-01-27,103.72962951660156,102.45446014404297,103.38446807861328,103.02013397216797,2097600.0,83.91868591308594
2014-01-28,104.28571319580078,102.81879425048828,103.02013397216797,104.17066192626953,1956800.0,84.85588073730469
2014-01-29,103.3748779296875,101.67784881591797,102.99137115478516,102.59827423095703,2861600.0,83.5750503540039
2014-01-30,104.28571319580078,103.04889678955078,103.15436553955078,103.93096923828125,2396100.0,84.66063690185547
2014-01-31,105.23490142822266,102.14765167236328,102.83796691894531,104.86097717285156,3294300.0,85.41820526123047
2014-02-03,105.04314422607422,100.95877075195312,104.50623321533203,101.14093780517578,2788700.0,82.38790893554688
2014-02-04,102.10929870605469,100.6040267944336,101.76414489746094,101.20805358886719,2598400.0,82.44258117675781
2014-02-05,101.68743896484375,100.6327896118164,100.8628921508789,101.24640655517578,1839200.0,82.47382354736328
2014-02-06,101.9750747680664,101.20805358886719,101.69702911376953,101.96548461914062,1791400.0,83.0595932006836
2014-02-07,102.82837677001953,102.0997085571289,102.1380615234375,102.49280548095703,1613700.0,83.4891357421875
2014-02-10,103.20230102539062,102.09012603759766,102.49280548095703,103.17353820800781,1897300.0,84.04364013671875
2014-02-11,104.43911743164062,102.73250579833984,103.17353820800781,104.1131362915039,1778300.0,84.80903625488281
2014-02-12,104.33365631103516,102.67497253417969,104.18983459472656,103.50910949707031,1855400.0,84.3169937133789
2014-02-13,104.36241912841797,103.00096130371094,103.20230102539062,104.26654052734375,1504900.0,84.93399047851562
2014-02-14,105.8868637084961,103.83509063720703,104.24736022949219,105.69510650634766,1547300.0,86.09770202636719
2014-02-18,105.58964538574219,104.3432388305664,105.45541381835938,105.20613861083984,1619500.0,85.69934844970703
2014-02-19,105.46500396728516,104.18983459472656,104.91850280761719,104.29530334472656,1704200.0,84.95742797851562
2014-02-20,106.11697387695312,104.50623321533203,104.62128448486328,105.43624114990234,1852900.0,85.88678741455078
2014-02-21,106.70182037353516,105.23490142822266,105.79098510742188,105.3211898803711,1716700.0,85.79309844970703
2014-02-24,106.65388488769531,105.49376678466797,105.82933807373047,105.618408203125,1912900.0,86.03519439697266
2014-02-25,106.17449951171875,105.3499526977539,105.723876953125,105.45541381835938,1385300.0,85.90242767333984
2014-02-26,105.94438934326172,104.05561065673828,105.6567611694336,104.0843734741211,1806100.0,84.78558349609375
2014-02-27,104.8801498413086,103.57622528076172,103.96932220458984,104.41035461425781,1868900.0,85.05113983154297
2014-02-28,106.30872344970703,104.36241912841797,104.50623321533203,105.80057525634766,2044400.0,86.18357849121094
2014-03-03,105.14861297607422,104.06519317626953,105.14861297607422,104.54458618164062,1472500.0,85.16048431396484
2014-03-04,106.60594177246094,105.052734375,105.27324676513672,106.28955078125,1828700.0,86.58190155029297
2014-03-05,105.17737579345703,103.85426330566406,104.1514892578125,104.16107177734375,1545400.0,85.49588775634766
2014-03-06,105.3499526977539,104.26654052734375,104.42952728271484,104.8801498413086,1770100.0,86.08611297607422
2014-03-07,105.45541381835938,103.82550048828125,105.37871551513672,104.45829010009766,1806800.0,85.73985290527344
2014-03-10,105.13902282714844,104.3144760131836,104.47747039794922,104.66921997070312,1218000.0,85.9129638671875
2014-03-11,104.93768310546875,104.22818756103516,104.60211181640625,104.55416870117188,1334700.0,85.81854248046875
2014-03-12,105.3883056640625,103.86385345458984,104.18983459472656,105.22531127929688,2252900.0,86.36942291259766
2014-03-13,106.28955078125,104.49664306640625,105.43624114990234,104.58293151855469,2102600.0,85.84214782714844
2014-03-14,105.33078002929688,104.03643035888672,104.1131362915039,105.13902282714844,1682600.0,86.29859924316406
2014-03-17,106.63470458984375,105.27324676513672,105.50335693359375,106.47171783447266,1504700.0,87.3924560546875
2014-03-18,106.59635925292969,105.70469665527344,106.5580062866211,106.23202514648438,1375800.0,87.19573211669922
2014-03-19,106.960693359375,104.99520874023438,106.17449951171875,105.33078002929688,1460300.0,86.45597839355469
2014-03-20,105.8485107421875,104.84180450439453,105.33078002929688,105.2444839477539,1421700.0,86.38514709472656
2014-03-21,107.10450744628906,105.57047271728516,105.90604400634766,105.618408203125,2408500.0,86.69207000732422
2014-03-24,106.98945617675781,105.81974792480469,105.9539794921875,106.09779357910156,1662900.0,87.0855484008789
2014-03-25,106.71141052246094,105.67593383789062,106.07862091064453,106.00191497802734,2073900.0,87.00685119628906
2014-03-26,106.71141052246094,105.82933807373047,106.04026794433594,106.07862091064453,1987800.0,87.06983947753906
2014-03-27,106.61553192138672,105.11026000976562,106.29913330078125,105.1198501586914,2156000.0,86.28285217285156
2014-03-28,105.89645385742188,104.8801498413086,105.89645385742188,105.29242706298828,1907100.0,86.42448425292969
2014-03-31,105.9156265258789,105.06231689453125,105.81016540527344,105.70469665527344,2109700.0,86.7629165649414
2014-04-01,105.59923553466797,104.0843734741211,105.25407409667969,105.08149719238281,2113600.0,86.25135803222656
2014-04-02,105.83892822265625,104.60211181640625,105.63758087158203,104.9856185913086,2011300.0,86.17267608642578
2014-04-03,105.81016540527344,105.03355407714844,105.41706848144531,105.22531127929688,1610800.0,86.36942291259766
2014-04-04,106.52924346923828,105.07190704345703,105.618408203125,105.2444839477539,1863600.0,86.38514709472656
2014-04-07,106.61553192138672,105.0143814086914,105.25407409667969,105.57047271728516,2241300.0,86.65271759033203
2014-04-08,106.36624908447266,105.2828369140625,105.41706848144531,106.17449951171875,1898100.0,87.14851379394531
2014-04-09,107.31543731689453,106.15531921386719,106.43336486816406,106.64429473876953,2358700.0,87.53412628173828
2014-04-10,108.12080383300781,106.49089050292969,106.71141052246094,106.49089050292969,2635100.0,87.40821075439453
2014-04-11,107.02780151367188,105.15819549560547,106.37583923339844,105.22531127929688,2176300.0,86.36942291259766
2014-04-14,106.04026794433594,105.3499526977539,105.618408203125,105.81016540527344,1672100.0,86.8494644165039
2014-04-15,106.38542938232422,105.59923553466797,106.16490936279297,105.9923324584961,2250300.0,86.99899291992188
2014-04-16,107.90987396240234,106.52924346923828,106.63470458984375,107.77565002441406,1944800.0,88.46276092529297
2014-04-17,108.4276123046875,107.1907958984375,107.46884155273438,107.9002914428711,3012800.0,88.56504821777344
2014-04-21,107.8619384765625,104.50623321533203,104.53499603271484,106.36624908447266,2935200.0,87.30591583251953
2014-04-22,106.70182037353516,103.56663513183594,106.64429473876953,103.93096923828125,4678600.0,85.30701446533203
2014-04-23,104.53499603271484,103.62416076660156,104.06519317626953,104.22818756103516,2451000.0,85.55096435546875
2014-04-24,105.052734375,104.09395599365234,104.32406616210938,104.53499603271484,1952300.0,85.80278015136719
2014-04-25,104.9856185913086,104.28571319580078,104.56375885009766,104.73633575439453,1910700.0,85.96805572509766
2014-04-28,106.8935775756836,104.99520874023438,105.14861297607422,106.64429473876953,2943400.0,87.53412628173828
2014-04-29,107.5263671875,106.3566665649414,106.52924346923828,106.52924346923828,1941600.0,87.4396743774414
2014-04-30,107.85234832763672,106.4525375366211,106.52924346923828,107.62224578857422,2106400.0,88.33684539794922
2014-05-01,107.47842407226562,106.04026794433594,107.20038604736328,106.64429473876953,1818600.0,87.53412628173828
2014-05-02,106.90316772460938,106.17449951171875,106.42377471923828,106.4525375366211,1322500.0,87.37673950195312
2014-05-05,106.16490936279297,105.60881805419922,105.86769104003906,105.6855239868164,1253200.0,86.74717712402344
2014-05-06,106.11697387695312,105.27324676513672,105.6855239868164,105.33078002929688,1546200.0,86.45597839355469
2014-05-07,106.74017333984375,105.57047271728516,105.81016540527344,106.37583923339844,1694400.0,87.31377410888672
2014-05-08,106.56759643554688,105.94438934326172,106.06903076171875,106.14573669433594,1316500.0,87.12490844726562
2014-05-09,106.49089050292969,106.06903076171875,106.15531921386719,106.24160766601562,1338000.0,87.20359802246094
2014-05-12,106.5580062866211,105.47459411621094,106.42377471923828,105.6567611694336,1523500.0,86.72355651855469
2014-05-13,106.74976348876953,105.82933807373047,106.03067779541016,106.69223022460938,1237700.0,87.57349395751953
2014-05-14,107.16203308105469,106.30872344970703,106.59635925292969,106.44295501708984,919500.0,87.36886596679688
2014-05-15,106.79769897460938,105.9539794921875,106.28955078125,106.17449951171875,1252700.0,87.14851379394531
2014-05-16,106.72100067138672,105.5800552368164,105.73345947265625,106.4813003540039,1275500.0,87.40032196044922
2014-05-19,105.74304962158203,104.7171630859375,105.42665100097656,105.19654846191406,2122800.0,86.34580993652344
2014-05-20,105.9156265258789,105.0143814086914,105.06231689453125,105.04314422607422,1385700.0,86.21987915039062
2014-05-21,105.64717102050781,104.83221435546875,105.20613861083984,105.48417663574219,1129100.0,86.58187866210938
2014-05-22,105.81974792480469,105.18695831298828,105.37871551513672,105.58964538574219,927200.0,86.66845703125
2014-05-23,106.23202514648438,105.49376678466797,105.56088256835938,106.16490936279297,873100.0,87.1406478881836
2014-05-27,106.44295501708984,105.92521667480469,106.3279037475586,106.00191497802734,1302100.0,87.00685119628906
2014-05-28,106.34707641601562,105.70469665527344,106.21284484863281,105.98274230957031,1053500.0,86.99113464355469
2014-05-29,106.74976348876953,106.0210952758789,106.33748626708984,106.67305755615234,1036700.0,87.55772399902344
2014-05-30,107.8619384765625,106.49089050292969,106.49089050292969,107.71812438964844,1618800.0,88.41554260253906
2014-06-02,107.73729705810547,107.20996856689453,107.70853424072266,107.4592514038086,959100.0,88.20304107666016
2014-06-03,107.60306549072266,106.4813003540039,107.29625701904297,106.5196533203125,1246300.0,87.43180847167969
2014-06-04,106.855224609375,105.47459411621094,105.81016540527344,106.76893615722656,1629100.0,88.3040771484375
2014-06-05,106.960693359375,106.10738372802734,106.82646179199219,106.5196533203125,1287500.0,88.09789276123047
2014-06-06,107.35379028320312,106.44295501708984,106.72100067138672,107.05656433105469,1178500.0,88.54198455810547
2014-06-09,107.62224578857422,106.5867691040039,106.95110321044922,107.36337280273438,1157100.0,88.79571533203125
2014-06-10,107.44007873535156,106.71141052246094,107.05656433105469,106.93193054199219,1000400.0,88.43888092041016
2014-06-11,106.97027587890625,106.24160766601562,106.70182037353516,106.51007080078125,847700.0,88.08998107910156
2014-06-12,106.33748626708984,105.13902282714844,106.19367218017578,105.58964538574219,1236700.0,87.32874298095703
2014-06-13,106.42377471923828,105.31159973144531,105.62799835205078,106.09779357910156,1073700.0,87.7490005493164
2014-06-16,106.80728912353516,105.5800552368164,105.83892822265625,106.36624908447266,1121600.0,87.9710464477539
2014-06-17,106.8168716430664,105.83892822265625,106.27037048339844,106.5196533203125,1022500.0,88.09789276123047
2014-06-18,107.40172576904297,106.0210952758789,106.38542938232422,107.39213562011719,1262900.0,88.81950378417969
2014-06-19,108.54266357421875,107.21955871582031,107.34420013427734,108.44678497314453,1468100.0,89.69178009033203
2014-06-20,109.23297882080078,107.55513000488281,109.23297882080078,108.01534271240234,2596900.0,89.3349380493164
2014-06-23,108.08245086669922,107.07574462890625,108.08245086669922,107.29625701904297,1045800.0,88.74019622802734
2014-06-24,107.27708435058594,106.6251220703125,106.97986602783203,106.98945617675781,1060900.0,88.48646545410156
2014-06-25,107.05656433105469,106.47171783447266,106.8168716430664,106.80728912353516,1080700.0,88.33580017089844
2014-06-26,106.67305755615234,105.70469665527344,106.67305755615234,106.27996063232422,1136100.0,87.89966583251953
2014-06-27,107.02780151367188,105.8485107421875,106.27996063232422,106.77852630615234,1298700.0,88.31201934814453
2014-06-30,107.4880142211914,106.43336486816406,106.93193054199219,106.63470458984375,1254500.0,88.19307708740234
2014-07-01,107.20996856689453,105.8868637084961,106.26078796386719,106.9223403930664,1197300.0,88.43097686767578
2014-07-02,107.30584716796875,106.66346740722656,106.97986602783203,106.84563446044922,950500.0,88.36749267578125
2014-07-03,107.44007873535156,106.54841613769531,106.54841613769531,107.26749420166016,896300.0,88.7164077758789
2014-07-07,107.62224578857422,107.04698181152344,107.2579116821289,107.51677703857422,837300.0,88.92259216308594
2014-07-08,108.08245086669922,107.07574462890625,107.35379028320312,107.85234832763672,1172700.0,89.20012664794922
2014-07-09,108.55225372314453,107.8619384765625,107.8619384765625,108.39884948730469,1110000.0,89.65210723876953
2014-07-10,108.39884948730469,107.78523254394531,107.8235855102539,108.1591567993164,955800.0,89.4538803100586
2014-07-11,108.1303939819336,107.74688720703125,108.04410552978516,107.96739959716797,841000.0,89.29528045654297
2014-07-14,109.02204895019531,108.30297088623047,108.40843963623047,108.3604965209961,1278500.0,89.6203842163086
2014-07-15,109.27133178710938,108.45637512207031,108.73442077636719,109.0987548828125,1684200.0,90.23096466064453
2014-07-16,109.7315444946289,108.8302993774414,109.3959732055664,109.53020477294922,1495100.0,90.58779907226562
2014-07-17,109.31927490234375,107.96739959716797,109.05081176757812,108.0249252319336,1360100.0,89.34284973144531
2014-07-18,108.63854217529297,107.71812438964844,108.39884948730469,108.61936950683594,1432300.0,89.83451080322266
2014-07-21,108.4947280883789,107.4208984375,108.3604965209961,107.67977142333984,2419700.0,89.05740356445312
2014-07-22,106.61553192138672,104.30489349365234,106.33748626708984,104.35282897949219,4394000.0,86.30582427978516
2014-07-23,105.51294708251953,104.57334899902344,104.947265625,104.9856185913086,2444100.0,86.82917785644531
2014-07-24,105.42665100097656,104.90892028808594,105.07190704345703,104.97602844238281,2126700.0,86.82123565673828
2014-07-25,105.10066986083984,104.01725769042969,104.92809295654297,104.05561065673828,1542000.0,86.06000518798828
2014-07-28,104.26654052734375,103.33653259277344,103.90220642089844,103.84468078613281,1165000.0,85.88553619384766
2014-07-29,103.89261627197266,102.66539001464844,103.83509063720703,102.67497253417969,1732800.0,84.91812896728516
2014-07-30,103.11601257324219,101.08341217041016,102.95301818847656,101.72579193115234,2641700.0,84.13309478759766
2014-07-31,102.27229309082031,99.56855010986328,100.52732849121094,99.58773040771484,2242200.0,82.36480712890625
2014-08-01,101.1984634399414,99.23297882080078,99.30968475341797,100.57526397705078,2809300.0,83.18155670166016
2014-08-04,101.06423950195312,100.2684555053711,100.9683609008789,100.89165496826172,2279700.0,83.44322204589844
2014-08-05,100.91083526611328,99.89453125,100.4026870727539,100.30680847167969,1459900.0,82.95952606201172
2014-08-06,102.38734436035156,100.04793548583984,100.13423156738281,102.3106460571289,2733500.0,84.6168212890625
2014-08-07,102.79961395263672,101.55321502685547,102.44486999511719,101.802490234375,1600500.0,84.19654083251953
2014-08-08,102.89549255371094,101.40939331054688,101.92713165283203,102.88590240478516,1445900.0,85.09257507324219
2014-08-11,104.03643035888672,102.8763198852539,103.61457061767578,103.60498809814453,1431100.0,85.68731689453125
2014-08-12,103.5474624633789,102.86672973632812,103.43240356445312,103.1831283569336,1082500.0,85.33838653564453
2014-08-13,104.12272644042969,103.25023651123047,103.65292358398438,103.48992919921875,1146800.0,85.5921630859375
2014-08-14,103.7775650024414,103.28858947753906,103.30776977539062,103.62416076660156,964400.0,85.70317840576172
2014-08-15,104.01725769042969,102.88590240478516,103.99808502197266,103.27899932861328,1268200.0,85.41768646240234
2014-08-18,104.33365631103516,103.66251373291016,103.84468078613281,104.16107177734375,1345100.0,86.14722442626953
2014-08-19,104.43911743164062,103.72962951660156,104.381591796875,103.98849487304688,910600.0,86.00450897216797
2014-08-20,104.18025207519531,103.58580780029297,103.69127655029297,104.09395599365234,871100.0,86.09172058105469
2014-08-21,104.9856185913086,104.17066192626953,104.276123046875,104.6788101196289,1086900.0,86.57542419433594
2014-08-22,104.947265625,104.23777770996094,104.81304168701172,104.28571319580078,880700.0,86.25031280517578
2014-08-25,105.13902282714844,104.32406616210938,104.72675323486328,104.70757293701172,1071200.0,86.59921264648438
2014-08-26,105.07190704345703,103.66251373291016,104.69798278808594,103.6720962524414,1388800.0,85.7428207397461
2014-08-27,104.42952728271484,103.5474624633789,103.5474624633789,104.42952728271484,1769000.0,86.36927032470703
2014-08-28,104.276123046875,103.58580780029297,104.276123046875,103.68168640136719,1124600.0,85.75076293945312
2014-08-29,104.01725769042969,103.53787231445312,104.01725769042969,103.5474624633789,1418500.0,85.63972473144531
2014-09-02,104.0843734741211,103.1064224243164,103.71044921875,103.5474624633789,1886500.0,85.63972473144531
2014-09-03,103.48992919921875,103.039306640625,103.26941680908203,103.11601257324219,1344600.0,85.95140838623047
2014-09-04,103.92137908935547,102.90508270263672,103.2118911743164,103.1064224243164,1447300.0,85.94341278076172
2014-09-05,103.4419937133789,102.86672973632812,103.20230102539062,103.06806945800781,1801800.0,85.91145324707031
2014-09-08,103.25982666015625,102.34899139404297,102.78044128417969,102.56951141357422,1245900.0,85.49588775634766
2014-09-09,102.7708511352539,101.88877868652344,102.56951141357422,102.44486999511719,2064000.0,85.39200592041016
2014-09-10,102.68456268310547,102.02301025390625,102.64620971679688,102.48322296142578,1548700.0,85.42395782470703
2014-09-11,102.72291564941406,102.10929870605469,102.49280548095703,102.64620971679688,1484800.0,85.55982971191406
2014-09-12,102.64620971679688,101.1984634399414,102.64620971679688,101.64908599853516,1277500.0,84.72866821289062
2014-09-15,102.1764144897461,101.47650909423828,101.64908599853516,102.00383758544922,1664500.0,85.02436828613281
2014-09-16,102.96260833740234,101.79290771484375,102.96260833740234,102.44486999511719,1705000.0,85.39200592041016
2014-09-17,102.95301818847656,102.2051773071289,102.5791015625,102.32022857666016,1428100.0,85.28809356689453
2014-09-18,102.59827423095703,102.0997085571289,102.49280548095703,102.32022857666016,1038300.0,85.28809356689453
2014-09-19,102.78044128417969,102.30105590820312,102.67497253417969,102.52157592773438,1896100.0,85.4559326171875
2014-09-22,103.62416076660156,102.58868408203125,102.60786437988281,103.23106384277344,1899900.0,86.04732513427734
2014-09-23,103.24065399169922,102.08053588867188,103.1064224243164,102.08053588867188,1399100.0,85.08831024169922
2014-09-24,104.46788024902344,102.0709457397461,102.08053588867188,104.37200164794922,2372700.0,86.99833679199219
2014-09-25,103.78715515136719,102.70374298095703,103.70086669921875,102.78044128417969,1685200.0,85.67169189453125
2014-09-26,103.58580780029297,102.46404266357422,102.62703704833984,103.40364074707031,1255600.0,86.19116973876953
2014-09-29,103.56663513183594,102.66539001464844,102.83796691894531,103.46116638183594,1201200.0,86.23910522460938
2014-09-30,103.50910949707031,102.79003143310547,103.46116638183594,103.13518524169922,1530900.0,85.96739196777344
2014-10-01,103.34611511230469,102.23394012451172,102.61744689941406,102.34899139404297,1632200.0,85.31206512451172
2014-10-02,103.38446807861328,102.27229309082031,102.58868408203125,102.4065170288086,1472800.0,85.36003112792969
2014-10-03,103.58580780029297,102.64620971679688,103.00096130371094,103.25982666015625,1761000.0,86.0713119506836
2014-10-06,103.5474624633789,101.802490234375,103.26941680908203,102.42569732666016,1907000.0,85.37601470947266
2014-10-07,103.45158386230469,101.95589447021484,102.12847900390625,102.55992126464844,1713500.0,85.48789978027344
2014-10-08,104.74592590332031,102.68456268310547,102.82837677001953,104.70757293701172,2227300.0,87.2780532836914
2014-10-09,105.26366424560547,103.63375091552734,104.57334899902344,103.9789047241211,1685800.0,86.6706771850586
2014-10-10,104.95685577392578,103.95973205566406,104.1514892578125,103.95973205566406,1474300.0,86.65469360351562
2014-10-13,104.06519317626953,102.15724182128906,103.91179656982422,102.2051773071289,1735900.0,85.19219970703125
2014-10-14,102.60786437988281,101.59156036376953,102.44486999511719,102.02301025390625,1782900.0,85.04035949707031
2014-10-15,102.93384552001953,99.94247436523438,101.47650909423828,101.06423950195312,2833200.0,84.24118041992188
2014-10-16,101.44774627685547,99.5973129272461,99.88494873046875,100.7094955444336,1955100.0,83.94549560546875
2014-10-17,102.05177307128906,100.46021270751953,101.55321502685547,101.87919616699219,2464100.0,84.92046356201172
2014-10-20,103.61457061767578,101.75455474853516,101.83125305175781,103.58580780029297,1723200.0,86.34300231933594
2014-10-21,106.75934600830078,103.22147369384766,104.60211181640625,106.64429473876953,2134900.0,88.89239501953125
2014-10-22,108.81111907958984,106.94151306152344,107.09491729736328,108.00575256347656,2379500.0,90.02720642089844
2014-10-23,108.47554779052734,106.69223022460938,108.47554779052734,107.39213562011719,1841200.0,89.5157470703125
2014-10-24,108.76318359375,107.72770690917969,108.01534271240234,108.43720245361328,1273100.0,90.3868408203125
2014-10-27,109.12751770019531,108.37967681884766,108.43720245361328,108.61936950683594,1132300.0,90.53870391845703
2014-10-28,109.1658706665039,108.22627258300781,108.98370361328125,109.04122924804688,1408300.0,90.89031219482422
2014-10-29,109.31927490234375,108.00575256347656,109.18504333496094,108.76318359375,1292600.0,90.65856170654297
2014-10-30,109.22339630126953,107.90987396240234,107.90987396240234,108.93576049804688,1155700.0,90.80240631103516
2014-10-31,110.08628845214844,109.06999206542969,109.28092193603516,109.55896759033203,1923300.0,91.3218765258789
2014-11-03,111.37999725341797,109.06999969482422,109.44000244140625,111.36000061035156,2298700.0,92.82311248779297
2014-11-04,113.30999755859375,111.12999725341797,111.12999725341797,113.16000366210938,3057400.0,94.32350158691406
2014-11-05,114.1500015258789,111.37999725341797,114.1500015258789,112.27999877929688,2539800.0,93.58997344970703
2014-11-06,113.38999938964844,112.25,112.69000244140625,113.05000305175781,1808100.0,94.23180389404297
2014-11-07,113.2699966430664,112.22000122070312,112.69000244140625,113.23999786376953,2038200.0,94.39016723632812
2014-11-10,113.93000030517578,112.6500015258789,113.02999877929688,113.91999816894531,1327400.0,94.95699310302734
2014-11-11,113.88999938964844,113.05000305175781,113.79000091552734,113.37000274658203,1308600.0,94.49853515625
2014-11-12,113.69000244140625,112.5999984741211,112.9800033569336,113.37999725341797,1401000.0,94.50687408447266
2014-11-13,114.45999908447266,113.06999969482422,113.69999694824219,114.06999969482422,2142400.0,95.0820083618164
2014-11-14,114.23999786376953,112.54000091552734,114.08999633789062,112.6500015258789,1641600.0,93.89836883544922
2014-11-17,114.0,112.6500015258789,112.6500015258789,113.6500015258789,1766200.0,94.73192596435547
2014-11-18,113.81999969482422,113.05999755859375,113.81999969482422,113.5999984741211,1454300.0,94.69026184082031
2014-11-19,114.0,112.83999633789062,113.33000183105469,113.83999633789062,1227300.0,94.89030456542969
2014-11-20,113.45999908447266,112.61000061035156,113.18000030517578,112.7300033569336,1903700.0,93.96510314941406
2014-11-21,114.06999969482422,113.19999694824219,113.8499984741211,113.61000061035156,1885100.0,94.69859313964844
2014-11-24,113.80999755859375,112.70999908447266,113.80999755859375,113.0199966430664,1903200.0,94.20677185058594
2014-11-25,114.05999755859375,113.02999877929688,113.25,113.83999633789062,1592900.0,94.89030456542969
2014-11-26,114.19000244140625,113.18000030517578,113.6500015258789,114.16000366210938,1299500.0,95.15705108642578
2014-11-28,116.77999877929688,114.5999984741211,114.66000366210938,116.58999633789062,1328800.0,97.18252563476562
2014-12-01,116.72000122070312,115.56999969482422,115.61000061035156,115.91000366210938,1564900.0,96.61573028564453
2014-12-02,116.58999633789062,115.19999694824219,115.70999908447266,116.22000122070312,1720400.0,96.8741455078125
2014-12-03,115.19000244140625,113.8499984741211,115.06999969482422,114.69999694824219,2856300.0,96.3031997680664
2014-12-04,115.33000183105469,114.05000305175781,115.0,114.5999984741211,1726200.0,96.21922302246094
2014-12-05,114.69999694824219,113.69999694824219,114.4800033569336,114.04000091552734,2018800.0,95.74903106689453
2014-12-08,114.81999969482422,113.80999755859375,114.05999755859375,114.12000274658203,1936800.0,95.81620788574219
2014-12-09,114.12000274658203,113.02999877929688,113.11000061035156,113.69999694824219,1691800.0,95.46357727050781
2014-12-10,114.51000213623047,113.06999969482422,113.87000274658203,113.16999816894531,1482900.0,95.01859283447266
2014-12-11,114.7300033569336,113.13999938964844,113.30000305175781,114.04000091552734,1415300.0,95.74903106689453
2014-12-12,114.51000213623047,112.6500015258789,113.1500015258789,112.68000030517578,1679500.0,94.60719299316406
2014-12-15,113.9000015258789,111.93000030517578,112.6500015258789,112.3499984741211,1722400.0,94.3301010131836
2014-12-16,114.27999877929688,111.86000061035156,112.22000122070312,112.4000015258789,1812100.0,94.37208557128906
2014-12-17,114.2300033569336,112.26000213623047,112.86000061035156,113.86000061035156,1863800.0,95.59791564941406
2014-12-18,115.41000366210938,113.94000244140625,114.86000061035156,115.41000366210938,2320800.0,96.89932250976562
2014-12-19,116.37000274658203,114.8499984741211,115.83999633789062,115.83999633789062,3060600.0,97.26032257080078
2014-12-22,116.69999694824219,115.52999877929688,116.12000274658203,116.44999694824219,1509700.0,97.77249145507812
2014-12-23,118.56999969482422,116.63999938964844,116.97000122070312,117.9800033569336,2016700.0,99.05712127685547
2014-12-24,118.66999816894531,117.7699966430664,118.45999908447266,117.7699966430664,999200.0,98.88078308105469
2014-12-26,118.83000183105469,117.81999969482422,117.81999969482422,118.27999877929688,990300.0,99.30899810791016
2014-12-29,118.25,117.16999816894531,118.0,117.44000244140625,1366800.0,98.60372924804688
2014-12-30,118.08999633789062,117.0,117.0,117.3499984741211,1357100.0,98.52816009521484
2014-12-31,117.44000244140625,115.36000061035156,117.01000213623047,115.54000091552734,1486100.0,97.00846099853516
2015-01-02,115.97000122070312,115.0,115.25,115.55000305175781,1280300.0,97.01688385009766
2015-01-05,116.58000183105469,114.75,115.9000015258789,114.88999938964844,1605200.0,96.46272277832031
2015-01-06,115.4800033569336,113.58000183105469,114.88999938964844,113.77999877929688,1755200.0,95.5307388305664
2015-01-07,114.83999633789062,113.66000366210938,114.69999694824219,114.56999969482422,1449400.0,96.19403839111328
2015-01-08,116.98999786376953,115.06999969482422,115.06999969482422,116.98999786376953,2103900.0,98.22589111328125
2015-01-09,117.19000244140625,115.5199966430664,117.01000213623047,115.94000244140625,1220000.0,97.34430694580078
2015-01-12,116.47000122070312,115.13999938964844,116.0999984741211,115.76000213623047,1180700.0,97.19318389892578
2015-01-13,117.4000015258789,115.44000244140625,116.37999725341797,116.08000183105469,1295200.0,97.46185302734375
2015-01-14,116.23999786376953,114.91000366210938,115.62999725341797,116.2300033569336,1427400.0,97.5877914428711
2015-01-15,116.94000244140625,115.88999938964844,116.61000061035156,116.2300033569336,1094800.0,97.5877914428711
2015-01-16,117.80000305175781,115.9000015258789,116.4000015258789,117.6500015258789,1308000.0,98.78001403808594
2015-01-20,117.98999786376953,116.43000030517578,117.95999908447266,117.52999877929688,1688800.0,98.67928314208984
2015-01-21,117.75,116.05999755859375,117.12999725341797,117.58999633789062,1526000.0,98.72966766357422
2015-01-22,119.01000213623047,117.16000366210938,118.0,118.9800033569336,1851700.0,99.89672088623047
2015-01-23,114.98999786376953,111.16000366210938,113.5,111.6500015258789,5315300.0,93.74237823486328
2015-01-26,111.19000244140625,109.37999725341797,111.16000366210938,109.8499984741211,4299600.0,92.23107147216797
2015-01-27,111.2699966430664,108.31999969482422,109.1500015258789,110.70999908447266,3566300.0,92.95314025878906
2015-01-28,111.7699966430664,109.31999969482422,111.36000061035156,109.62999725341797,2368200.0,92.04637145996094
2015-01-29,110.79000091552734,109.16999816894531,109.8499984741211,110.22000122070312,2693800.0,92.54173278808594
2015-01-30,110.0,107.91000366210938,109.31999969482422,107.95999908447266,2895400.0,90.64421844482422
2015-02-02,110.25,107.55999755859375,107.94000244140625,110.11000061035156,2171900.0,92.44937133789062
2015-02-03,110.4800033569336,109.0999984741211,110.4800033569336,110.16999816894531,1823300.0,92.499755859375
2015-02-04,110.94000244140625,109.62000274658203,110.55000305175781,109.86000061035156,1764500.0,92.23949432373047
2015-02-05,110.66999816894531,109.86000061035156,110.11000061035156,110.0199966430664,2018800.0,92.37381744384766
2015-02-06,109.87999725341797,108.5199966430664,109.83000183105469,109.05000305175781,1605700.0,91.55939483642578
2015-02-09,108.94000244140625,107.68000030517578,108.73999786376953,108.22000122070312,2009100.0,90.86251068115234
2015-02-10,109.44000244140625,108.18000030517578,108.83000183105469,109.22000122070312,1349600.0,91.7021255493164
2015-02-11,109.83999633789062,108.47000122070312,109.63999938964844,109.30000305175781,1366000.0,91.7693099975586
2015-02-12,110.44999694824219,109.08000183105469,109.2699966430664,110.18000030517578,1369100.0,92.50816345214844
2015-02-13,111.08000183105469,109.83000183105469,110.01000213623047,111.0,1664100.0,93.19662475585938
2015-02-17,111.68000030517578,110.12000274658203,110.80000305175781,111.2699966430664,1537100.0,93.42332458496094
2015-02-18,111.83999633789062,110.83999633789062,111.19999694824219,111.69999694824219,862800.0,93.78434753417969
2015-02-19,111.55000305175781,110.33000183105469,111.55000305175781,110.66000366210938,1059600.0,92.91117858886719
2015-02-20,110.98999786376953,109.41000366210938,110.36000061035156,110.95999908447266,1460600.0,93.16303253173828
2015-02-23,111.25,110.4800033569336,111.0,110.98999786376953,1832200.0,93.188232421875
2015-02-24,110.9800033569336,110.0,110.76000213623047,110.38999938964844,1550200.0,92.68448638916016
2015-02-25,110.72000122070312,109.9000015258789,110.36000061035156,110.16000366210938,1187200.0,92.49136352539062
2015-02-26,110.58000183105469,109.69000244140625,110.36000061035156,109.91000366210938,1357700.0,92.2814712524414
2015-02-27,110.19999694824219,109.23999786376953,109.63999938964844,109.66000366210938,1439400.0,92.07154083251953
2015-03-02,110.51000213623047,109.55999755859375,109.55999755859375,110.41000366210938,1272800.0,92.70127868652344
2015-03-03,110.37999725341797,109.27999877929688,110.3499984741211,110.26000213623047,1398400.0,92.57533264160156
2015-03-04,109.97000122070312,108.12999725341797,109.56999969482422,108.37000274658203,1748500.0,91.72051239013672
2015-03-05,108.97000122070312,108.16999816894531,108.80999755859375,108.45999908447266,1275300.0,91.79666900634766
2015-03-06,108.06999969482422,106.55999755859375,108.06999969482422,106.81999969482422,2022700.0,90.40862274169922
2015-03-09,107.33999633789062,106.69999694824219,106.70999908447266,107.0199966430664,1310000.0,90.57791900634766
2015-03-10,106.62000274658203,104.7300033569336,106.2300033569336,104.7699966430664,2095000.0,88.67359161376953
2015-03-11,105.19000244140625,103.66999816894531,104.94000244140625,104.1500015258789,1688400.0,88.14884185791016
2015-03-12,105.73999786376953,104.52999877929688,104.62999725341797,105.69000244140625,1320200.0,89.45223999023438
2015-03-13,105.91000366210938,104.68000030517578,105.37999725341797,105.79000091552734,1405500.0,89.53689575195312
2015-03-16,106.75,105.83000183105469,105.95999908447266,106.43000030517578,1789600.0,90.07852935791016
2015-03-17,105.66999816894531,104.61000061035156,105.44999694824219,105.2699966430664,2852400.0,89.09677124023438
2015-03-18,107.52999877929688,104.69999694824219,105.66000366210938,107.05000305175781,2058500.0,90.60328674316406
2015-03-19,107.6500015258789,106.69000244140625,106.83000183105469,106.75,2233400.0,90.34937286376953
2015-03-20,108.91999816894531,106.7699966430664,107.05999755859375,108.4800033569336,3863800.0,91.8135986328125
2015-03-23,109.79000091552734,108.41999816894531,108.58000183105469,108.98999786376953,1768600.0,92.24524688720703
2015-03-24,110.16000366210938,108.47000122070312,109.91999816894531,108.5,1626600.0,91.83053588867188
2015-03-25,109.0999984741211,107.44999694824219,108.94999694824219,107.45999908447266,1597100.0,90.9502944946289
2015-03-26,107.55999755859375,106.29000091552734,107.13999938964844,106.31999969482422,1705500.0,89.9854507446289
2015-03-27,106.87000274658203,106.0,106.16000366210938,106.37000274658203,1203900.0,90.02777099609375
2015-03-30,108.19999694824219,106.37999725341797,106.81999969482422,107.73999786376953,1258400.0,91.1872787475586
2015-03-31,108.06999969482422,107.02999877929688,107.02999877929688,107.11000061035156,1350000.0,90.65406036376953
2015-04-01,106.87999725341797,105.5,106.69000244140625,106.8499984741211,1464000.0,90.43401336669922
2015-04-02,107.4000015258789,105.94000244140625,106.31999969482422,107.0199966430664,1556000.0,90.57791900634766
2015-04-06,108.16999816894531,106.86000061035156,107.29000091552734,107.45999908447266,1482100.0,90.9502944946289
2015-04-07,107.93000030517578,106.87000274658203,107.27999877929688,106.95999908447266,1062800.0,90.52711486816406
2015-04-08,107.68000030517578,106.62000274658203,107.0,107.16000366210938,1307100.0,90.69640350341797
2015-04-09,107.45999908447266,106.43000030517578,107.30999755859375,107.26000213623047,1159500.0,90.7810287475586
2015-04-10,107.56999969482422,106.62999725341797,107.41999816894531,106.86000061035156,1299300.0,90.44248962402344
2015-04-13,107.43000030517578,106.5,106.55000305175781,106.98999786376953,1017600.0,90.5525131225586
2015-04-14,108.16999816894531,106.6500015258789,106.7300033569336,107.6500015258789,1144900.0,91.1111068725586
2015-04-15,108.7300033569336,107.61000061035156,107.94000244140625,107.61000061035156,1251800.0,91.0772476196289
2015-04-16,108.16999816894531,107.08000183105469,107.72000122070312,107.68000030517578,1026600.0,91.1364974975586
2015-04-17,107.2300033569336,106.29000091552734,107.05999755859375,106.77999877929688,1422600.0,90.3747787475586
2015-04-20,107.95999908447266,106.81999969482422,106.86000061035156,107.36000061035156,2051400.0,90.86567687988281
2015-04-21,113.44999694824219,110.91999816894531,112.48999786376953,113.1500015258789,5008500.0,95.76610565185547
2015-04-22,113.0,110.94999694824219,113.0,111.8499984741211,2620700.0,94.66586303710938
2015-04-23,112.3499984741211,110.8499984741211,111.33999633789062,111.69999694824219,1607300.0,94.53887939453125
2015-04-24,111.83000183105469,111.18000030517578,111.58999633789062,111.63999938964844,1291900.0,94.48811340332031
2015-04-27,112.0,111.29000091552734,111.79000091552734,111.5199966430664,1577900.0,94.38652801513672
2015-04-28,112.4800033569336,111.27999877929688,111.61000061035156,111.93000030517578,1496200.0,94.73355102539062
2015-04-29,111.87999725341797,110.41999816894531,111.80000305175781,110.72000122070312,1606700.0,93.7094497680664
2015-04-30,110.63999938964844,109.30999755859375,110.30000305175781,109.69000244140625,1743600.0,92.83770751953125
2015-05-01,111.06999969482422,109.69999694824219,109.72000122070312,111.04000091552734,1232400.0,93.98028564453125
2015-05-04,111.76000213623047,110.4000015258789,111.16999816894531,110.44000244140625,1422400.0,93.47247314453125
2015-05-05,110.98999786376953,109.16000366210938,110.58000183105469,109.4000015258789,1716000.0,92.59225463867188
2015-05-06,110.13999938964844,109.04000091552734,109.61000061035156,109.86000061035156,1333000.0,92.98157501220703
2015-05-07,110.08999633789062,109.43000030517578,109.63999938964844,109.68000030517578,1524700.0,92.8292236328125
2015-05-08,111.31999969482422,110.47000122070312,110.66000366210938,110.70999908447266,903100.0,93.70099639892578
2015-05-11,110.81999969482422,109.91000366210938,110.4000015258789,109.91999816894531,818900.0,93.0323486328125
2015-05-12,110.05999755859375,109.05000305175781,109.68000030517578,109.75,935800.0,92.88848114013672
2015-05-13,111.55000305175781,110.23999786376953,110.69999694824219,110.4000015258789,1481700.0,93.43862915039062
2015-05-14,111.81999969482422,110.76000213623047,111.0,111.62000274658203,1183000.0,94.47117614746094
2015-05-15,112.0,111.4800033569336,111.62000274658203,111.80000305175781,897500.0,94.62354278564453
2015-05-18,112.11000061035156,111.20999908447266,111.4800033569336,112.04000091552734,1003300.0,94.8266372680664
2015-05-19,112.63999938964844,111.47000122070312,112.0,112.44000244140625,948700.0,95.16520690917969
2015-05-20,112.93000030517578,112.06999969482422,112.54000091552734,112.06999969482422,1046500.0,94.8520278930664
2015-05-21,112.33000183105469,111.52999877929688,112.16000366210938,111.83000183105469,1065200.0,94.64892578125
2015-05-22,111.73999786376953,111.22000122070312,111.6500015258789,111.25,1021800.0,94.15801239013672
2015-05-26,111.55999755859375,109.73999786376953,111.30000305175781,109.91000366210938,1423900.0,93.02389526367188
2015-05-27,110.55999755859375,109.4000015258789,110.3499984741211,110.33000183105469,1689000.0,93.3793716430664
2015-05-28,110.33000183105469,109.33000183105469,110.11000061035156,109.7300033569336,1151600.0,92.87154388427734
2015-05-29,109.87000274658203,108.7300033569336,109.83999633789062,108.86000061035156,1856200.0,92.13520812988281
2015-06-01,109.55999755859375,108.37999725341797,108.97000122070312,109.1500015258789,1344300.0,92.38066864013672
2015-06-02,109.16000366210938,108.19999694824219,109.08000183105469,108.37000274658203,1246700.0,91.72051239013672
2015-06-03,108.41999816894531,107.41000366210938,108.02999877929688,107.9800033569336,1269200.0,92.13858032226562
2015-06-04,107.91000366210938,106.69000244140625,107.16999816894531,106.83000183105469,1149200.0,91.15731048583984
2015-06-05,106.75,105.5199966430664,106.58999633789062,105.73999786376953,1403800.0,90.22722625732422
2015-06-08,105.75,104.52999877929688,105.5,105.4800033569336,1257000.0,90.00537109375
2015-06-09,106.4800033569336,105.23999786376953,105.4000015258789,105.8499984741211,1021000.0,90.32109069824219
2015-06-10,107.26000213623047,106.16999816894531,106.38999938964844,107.11000061035156,1396400.0,91.39624786376953
2015-06-11,107.7300033569336,106.80999755859375,107.13999938964844,107.4000015258789,1927100.0,91.64368438720703
2015-06-12,107.0999984741211,106.5,107.01000213623047,106.73999786376953,844100.0,91.08052825927734
2015-06-15,106.55000305175781,105.5199966430664,106.19999694824219,105.70999908447266,1270900.0,90.20161437988281
2015-06-16,106.91000366210938,105.55000305175781,106.0999984741211,106.9000015258789,1001400.0,91.21704864501953
2015-06-17,107.91000366210938,106.91999816894531,107.0,107.66000366210938,1538500.0,91.86555480957031
2015-06-18,109.4800033569336,107.55999755859375,107.97000122070312,109.19999694824219,1613000.0,93.17960357666016
2015-06-19,109.1500015258789,108.43000030517578,108.79000091552734,108.80999755859375,1696600.0,92.84683227539062
2015-06-22,109.55000305175781,108.70999908447266,108.80000305175781,108.97000122070312,754800.0,92.98336791992188
2015-06-23,109.41999816894531,108.20999908447266,109.30999755859375,108.36000061035156,1014300.0,92.46284484863281
2015-06-24,108.69000244140625,108.06999969482422,108.41999816894531,108.27999877929688,1035200.0,92.39458465576172
2015-06-25,108.44999694824219,107.47000122070312,108.37000274658203,107.51000213623047,1413000.0,91.73755645751953
2015-06-26,108.45999908447266,107.55000305175781,107.62999725341797,107.9000015258789,1505800.0,92.07034301757812
2015-06-29,107.98999786376953,106.05999755859375,107.41999816894531,106.12000274658203,1015100.0,90.55149841308594
2015-06-30,107.31999969482422,105.7699966430664,106.94999694824219,105.97000122070312,1243800.0,90.4234848022461
2015-07-01,107.94999694824219,106.04000091552734,106.72000122070312,107.8499984741211,1239400.0,92.02767181396484
2015-07-02,108.61000061035156,107.3499984741211,108.33999633789062,107.55000305175781,1159500.0,91.77168273925781
2015-07-06,108.22000122070312,107.25,107.37999725341797,107.5999984741211,976400.0,91.81433868408203
2015-07-07,109.9000015258789,107.36000061035156,107.58999633789062,109.7699966430664,1513900.0,93.6659927368164
2015-07-08,109.7300033569336,108.88999938964844,109.11000061035156,109.02999877929688,1475100.0,93.03458404541016
2015-07-09,110.16999816894531,108.66999816894531,110.06999969482422,108.69999694824219,1680800.0,92.75297546386719
2015-07-10,110.16999816894531,109.16999816894531,109.58000183105469,109.72000122070312,900600.0,93.62333679199219
2015-07-13,110.94999694824219,109.94999694824219,110.33000183105469,110.86000061035156,809200.0,94.59608459472656
2015-07-14,111.29000091552734,110.16000366210938,110.9800033569336,110.94999694824219,1019300.0,94.67286682128906
2015-07-15,111.43000030517578,110.38999938964844,110.80999755859375,111.19999694824219,874500.0,94.88619995117188
2015-07-16,112.4800033569336,111.41000366210938,111.73999786376953,112.02999877929688,1042300.0,95.59443664550781
2015-07-17,112.47000122070312,111.36000061035156,111.62000274658203,112.4000015258789,1800400.0,95.91017150878906
2015-07-20,113.0,112.08999633789062,112.33000183105469,112.94000244140625,1060400.0,96.37094116210938
2015-07-21,112.9000015258789,111.76000213623047,112.8499984741211,112.48999786376953,2033300.0,95.98695373535156
2015-07-22,113.41000366210938,111.73999786376953,112.51000213623047,112.19999694824219,2196100.0,95.73948669433594
2015-07-23,112.54000091552734,110.5199966430664,112.54000091552734,111.62999725341797,1476300.0,95.25312042236328
2015-07-24,112.66999816894531,111.51000213623047,111.7300033569336,111.83999633789062,1222900.0,95.43231201171875
2015-07-27,112.54000091552734,111.19000244140625,111.72000122070312,112.36000061035156,1694500.0,95.87602233886719
2015-07-28,113.41999816894531,112.29000091552734,112.55999755859375,113.29000091552734,1270700.0,96.66960144042969
2015-07-29,113.9000015258789,112.98999786376953,113.08999633789062,113.5,1309300.0,96.84878540039062
2015-07-30,114.7699966430664,112.41000366210938,112.93000030517578,114.56999969482422,1746900.0,97.76178741455078
2015-07-31,115.62999725341797,114.61000061035156,114.83000183105469,114.97000122070312,2062000.0,98.10314178466797
2015-08-03,115.69999694824219,114.37999725341797,114.75,115.69000244140625,1220900.0,98.71751403808594
2015-08-04,116.25,115.33999633789062,115.45999908447266,116.0,1605600.0,98.9820327758789
2015-08-05,117.83000183105469,115.91000366210938,116.5,117.61000061035156,1432500.0,100.35582733154297
2015-08-06,117.94999694824219,116.58000183105469,117.6500015258789,116.66000366210938,1368800.0,99.54519653320312
2015-08-07,116.76000213623047,115.95999908447266,116.52999877929688,116.70999908447266,1354000.0,99.5878677368164
2015-08-10,117.47000122070312,116.70999908447266,117.27999877929688,116.9000015258789,946700.0,99.7499771118164
2015-08-11,116.66999816894531,115.8499984741211,116.18000030517578,116.63999938964844,1156200.0,99.52810668945312
2015-08-12,116.0,114.19999694824219,115.75,115.6500015258789,1599400.0,98.68336486816406
2015-08-13,116.30999755859375,115.5199966430664,115.9000015258789,115.77999877929688,949200.0,98.79429626464844
2015-08-14,116.33999633789062,115.45999908447266,115.72000122070312,116.16000366210938,994600.0,99.11853790283203
2015-08-17,116.26000213623047,115.25,115.73999786376953,116.2300033569336,704400.0,99.17828369140625
2015-08-18,116.43000030517578,115.2300033569336,115.2300033569336,116.04000091552734,878100.0,99.01615142822266
2015-08-19,116.11000061035156,114.88999938964844,115.5999984741211,115.37000274658203,1201000.0,98.44445037841797
2015-08-20,115.16000366210938,113.95999908447266,114.47000122070312,114.05000305175781,1042800.0,97.31809997558594
2015-08-21,113.70999908447266,111.36000061035156,113.4800033569336,111.41000366210938,2150900.0,95.06539916992188
2015-08-24,108.69000244140625,104.12000274658203,105.81999969482422,106.37999725341797,3547000.0,90.7733383178711
2015-08-25,109.44999694824219,103.19000244140625,109.08000183105469,103.3499984741211,2627500.0,88.18785858154297
2015-08-26,106.44999694824219,103.11000061035156,105.16000366210938,106.18000030517578,2331700.0,90.60267639160156
2015-08-27,108.11000061035156,105.80999755859375,106.80999755859375,107.7300033569336,2122000.0,91.92527770996094
2015-08-28,107.63999938964844,106.4800033569336,107.16999816894531,107.20999908447266,1610500.0,91.4815673828125
2015-08-31,107.05000305175781,106.2300033569336,106.9000015258789,106.52999877929688,1368900.0,90.90133666992188
2015-09-01,105.62999725341797,103.45999908447266,104.9000015258789,104.02999877929688,1930300.0,88.76809692382812
2015-09-02,104.94000244140625,103.5999984741211,104.43000030517578,104.79000091552734,1741500.0,90.179443359375
2015-09-03,106.25,105.0199966430664,105.20999908447266,105.63999938964844,1149700.0,90.9109115600586
2015-09-04,104.55000305175781,103.16000366210938,104.2300033569336,103.5199966430664,1209100.0,89.08650970458984
2015-09-08,106.20999908447266,105.0199966430664,105.41999816894531,105.9800033569336,1437600.0,91.20352172851562
2015-09-09,107.19999694824219,103.62000274658203,107.08000183105469,103.87000274658203,1251200.0,89.3877182006836
2015-09-10,104.56999969482422,103.04000091552734,103.41000366210938,103.66000366210938,1336000.0,89.20699310302734
2015-09-11,104.08000183105469,103.16000366210938,103.5999984741211,104.05000305175781,932900.0,89.5426254272461
2015-09-14,104.12999725341797,103.36000061035156,104.05000305175781,103.77999877929688,1011400.0,89.31025695800781
2015-09-15,106.08000183105469,104.25,105.2300033569336,105.63999938964844,1381500.0,90.9109115600586
2015-09-16,107.58999633789062,105.80999755859375,105.9000015258789,107.26000213623047,1408100.0,92.30506134033203
2015-09-17,109.06999969482422,106.97000122070312,107.33000183105469,107.83999633789062,1494200.0,92.80418395996094
2015-09-18,108.80000305175781,107.08999633789062,107.70999908447266,107.8499984741211,2907100.0,92.81278991699219
2015-09-21,109.08000183105469,108.01000213623047,108.44999694824219,108.7699966430664,1259600.0,93.60449981689453
2015-09-22,108.08999633789062,107.0,107.66999816894531,107.83999633789062,1473100.0,92.80418395996094
2015-09-23,108.1500015258789,107.13999938964844,107.68000030517578,107.86000061035156,1499600.0,92.82139587402344
2015-09-24,108.4800033569336,107.01000213623047,107.27999877929688,108.16999816894531,2118800.0,93.08817291259766
2015-09-25,109.94999694824219,108.38999938964844,108.98999786376953,108.70999908447266,2106500.0,93.55287170410156
2015-09-28,108.79000091552734,106.75,108.43000030517578,106.80999755859375,1388400.0,91.91778564453125
2015-09-29,107.97000122070312,106.66000366210938,106.80000305175781,107.73999786376953,1967000.0,92.7181167602539
2015-09-30,109.19999694824219,108.37000274658203,108.80999755859375,109.04000091552734,1649600.0,93.83687591552734
2015-10-01,108.86000061035156,107.9800033569336,108.33000183105469,108.73999786376953,2569500.0,93.57870483398438
2015-10-02,109.62000274658203,107.79000091552734,108.19000244140625,109.13999938964844,2897100.0,93.92292785644531
2015-10-05,112.16000366210938,109.81999969482422,110.05999755859375,112.0199966430664,2491300.0,96.40137481689453
2015-10-06,112.27999877929688,111.22000122070312,111.75,111.47000122070312,1117200.0,95.92805480957031
2015-10-07,112.5999984741211,111.23999786376953,111.63999938964844,112.02999877929688,1456200.0,96.40998077392578
2015-10-08,113.81999969482422,112.0,112.0,113.80000305175781,1035100.0,97.9332046508789
2015-10-09,114.9000015258789,113.7699966430664,114.0,114.7300033569336,1412600.0,98.73353576660156
2015-10-12,115.87999725341797,114.5199966430664,114.54000091552734,115.43000030517578,1031600.0,99.33594512939453
2015-10-13,115.62999725341797,114.83000183105469,114.9800033569336,115.05000305175781,986300.0,99.0089111328125
2015-10-14,115.41000366210938,114.36000061035156,115.12000274658203,114.70999908447266,1377600.0,98.71630859375
2015-10-15,116.2699966430664,115.23999786376953,115.41999816894531,116.12999725341797,1507300.0,99.9383316040039
2015-10-16,117.4800033569336,116.37999725341797,116.83999633789062,117.27999877929688,1223100.0,100.9280014038086
2015-10-19,117.5199966430664,116.5,117.0,117.44999694824219,1372400.0,101.07429504394531
2015-10-20,117.45999908447266,116.5199966430664,117.19999694824219,117.22000122070312,1931300.0,100.87635803222656
2015-10-21,120.0,117.01000213623047,117.61000061035156,118.08999633789062,2285900.0,101.62505340576172
2015-10-22,121.16000366210938,118.0999984741211,118.91999816894531,120.80000305175781,2533500.0,103.95721435546875
2015-10-23,122.7300033569336,120.62999725341797,121.69000244140625,121.23999786376953,2277500.0,104.33586120605469
2015-10-26,121.80999755859375,120.77999877929688,121.30000305175781,121.33999633789062,1439700.0,104.42191314697266
2015-10-27,121.37999725341797,120.36000061035156,120.87000274658203,121.04000091552734,1167400.0,104.16374206542969
2015-10-28,121.5,119.52999877929688,121.48999786376953,120.86000061035156,1147000.0,104.00882720947266
2015-10-29,122.12999725341797,120.16999816894531,120.55000305175781,121.7699966430664,1194100.0,104.7919692993164
2015-10-30,121.97000122070312,119.70999908447266,121.72000122070312,119.70999908447266,2422200.0,103.0191879272461
2015-11-02,121.58999633789062,120.41999816894531,120.61000061035156,121.55999755859375,1678900.0,104.61125183105469
2015-11-03,121.41999816894531,120.0199966430664,120.86000061035156,121.02999877929688,1157500.0,104.15513610839844
2015-11-04,121.27999877929688,119.55000305175781,121.27999877929688,119.86000061035156,1429600.0,103.14826965332031
2015-11-05,120.1500015258789,119.0199966430664,119.98999786376953,119.87999725341797,1769700.0,103.16547393798828
2015-11-06,119.6500015258789,117.1500015258789,119.27999877929688,118.58000183105469,1424200.0,102.0467529296875
2015-11-09,118.58000183105469,117.43000030517578,117.98999786376953,118.0199966430664,1152200.0,101.56482696533203
2015-11-10,119.19999694824219,117.5,117.80999755859375,118.91999816894531,992900.0,102.33932495117188
2015-11-11,119.98999786376953,118.91999816894531,119.22000122070312,119.36000061035156,896000.0,102.71797943115234
2015-11-12,119.27999877929688,117.44000244140625,118.69999694824219,117.69000244140625,1043700.0,101.28083038330078
2015-11-13,118.31999969482422,116.97000122070312,117.62000274658203,117.31999969482422,1302800.0,100.96240234375
2015-11-16,119.69000244140625,117.12999725341797,117.31999969482422,119.52999877929688,1612000.0,102.86428833007812
2015-11-17,120.16000366210938,118.80999755859375,119.69000244140625,119.18000030517578,1558200.0,102.56307983398438
2015-11-18,121.12999725341797,118.97000122070312,119.33999633789062,120.94000244140625,1409700.0,104.07767486572266
2015-11-19,122.4800033569336,121.19999694824219,121.26000213623047,121.66000366210938,1233800.0,104.69731140136719
2015-11-20,122.97000122070312,120.08000183105469,122.4000015258789,120.2300033569336,2110900.0,103.46669006347656
2015-11-23,121.83000183105469,120.31999969482422,120.37000274658203,121.58999633789062,963700.0,104.63705444335938
2015-11-24,121.5199966430664,120.37999725341797,120.7699966430664,121.11000061035156,1088400.0,104.2239761352539
2015-11-25,121.52999877929688,120.26000213623047,121.12000274658203,120.47000122070312,1085000.0,103.67321014404297
2015-11-27,121.08000183105469,120.30999755859375,120.7699966430664,120.8499984741211,526800.0,104.000244140625
2015-11-30,121.12999725341797,119.05000305175781,121.05999755859375,119.1500015258789,2565600.0,102.5372543334961
2015-12-01,121.94000244140625,119.31999969482422,120.0,121.12999725341797,1835000.0,104.24120330810547
2015-12-02,121.22000122070312,119.55999755859375,120.26000213623047,119.7699966430664,1327400.0,103.82510375976562
2015-12-03,120.55999755859375,117.5199966430664,120.27999877929688,118.25,2191300.0,102.50745391845703
2015-12-04,121.37000274658203,118.76000213623047,119.16000366210938,121.30000305175781,2473100.0,105.15141296386719
2015-12-07,122.1500015258789,120.80000305175781,121.1500015258789,122.11000061035156,1987600.0,105.85357666015625
2015-12-08,121.9800033569336,120.0999984741211,121.08000183105469,121.55999755859375,1452500.0,105.37680053710938
2015-12-09,122.7699966430664,119.83999633789062,120.62999725341797,120.27999877929688,1301700.0,104.2671890258789
2015-12-10,121.44999694824219,119.7699966430664,120.38999938964844,120.33000183105469,1592800.0,104.31053924560547
2015-12-11,119.68000030517578,118.56999969482422,119.18000030517578,119.19999694824219,1224300.0,103.33098602294922
2015-12-14,122.83999633789062,120.58000183105469,120.58000183105469,122.6500015258789,2286500.0,106.32169342041016
2015-12-15,125.08000183105469,122.81999969482422,123.19000244140625,124.44000244140625,2148600.0,107.87339782714844
2015-12-16,126.11000061035156,123.80999755859375,124.75,125.91999816894531,1671800.0,109.15633392333984
2015-12-17,126.2300033569336,125.1500015258789,125.80000305175781,125.83999633789062,2017000.0,109.08700561523438
2015-12-18,125.45999908447266,123.5199966430664,125.2699966430664,123.54000091552734,2676600.0,107.09320068359375
2015-12-21,125.0,123.93000030517578,124.30999755859375,124.91999816894531,1758100.0,108.28947448730469
2015-12-22,126.58999633789062,124.2699966430664,125.51000213623047,126.37000274658203,1873800.0,109.54646301269531
2015-12-23,128.1300048828125,126.37000274658203,126.48999786376953,127.05999755859375,1353400.0,110.14459228515625
2015-12-24,127.37999725341797,126.63999938964844,127.05999755859375,126.87999725341797,689500.0,109.98854064941406
2015-12-28,128.5,126.2300033569336,126.69999694824219,128.22999572753906,1863700.0,111.15884399414062
2015-12-29,129.75999450683594,128.44000244140625,128.72000122070312,129.5399932861328,1564700.0,112.29440307617188
2015-12-30,129.88999938964844,129.07000732421875,129.50999450683594,129.42999267578125,1585400.0,112.1990737915039
2015-12-31,129.27999877929688,127.29000091552734,128.5,127.30000305175781,1438200.0,110.3526382446289
2016-01-04,126.56999969482422,124.55999755859375,125.91000366210938,126.4800033569336,2743300.0,109.64180755615234
2016-01-05,130.0500030517578,126.63999938964844,127.0,129.0800018310547,3237200.0,111.89566040039062
2016-01-06,129.72999572753906,127.5999984741211,127.83999633789062,129.02000427246094,3930200.0,111.84366607666016
2016-01-07,128.92999267578125,126.5999984741211,126.91999816894531,126.86000061035156,3168800.0,109.97122955322266
2016-01-08,127.5,124.94999694824219,127.19999694824219,125.2300033569336,2660600.0,108.5582275390625
2016-01-11,126.44000244140625,124.27999877929688,125.5199966430664,125.70999908447266,1929100.0,108.97431945800781
2016-01-12,127.16999816894531,125.25,126.31999969482422,126.12999725341797,1586200.0,109.33839416503906
2016-01-13,127.52999877929688,125.37999725341797,126.62000274658203,125.45999908447266,1925500.0,108.75760650634766
2016-01-14,127.83000183105469,125.55000305175781,125.93000030517578,127.20999908447266,2384600.0,110.2746353149414
2016-01-15,126.29000091552734,124.30000305175781,125.41000366210938,125.36000061035156,3039500.0,108.67090606689453
2016-01-19,127.37000274658203,125.05000305175781,126.1500015258789,125.87999725341797,2618000.0,109.12167358398438
2016-01-20,124.88999938964844,121.70999908447266,124.37000274658203,123.69000244140625,2929600.0,107.22325134277344
2016-01-21,125.33999633789062,123.01000213623047,123.98999786376953,124.94999694824219,2244700.0,108.31548309326172
2016-01-22,127.27999877929688,124.58999633789062,125.79000091552734,126.72000122070312,2373100.0,109.849853515625
2016-01-25,125.54000091552734,121.5,123.22000122070312,122.69000244140625,5126300.0,106.35636901855469
2016-01-26,126.5,122.55999755859375,122.7699966430664,124.88999938964844,2220000.0,108.26348114013672
2016-01-27,126.25,123.80000305175781,124.83000183105469,124.19999694824219,2468300.0,107.66532135009766
2016-01-28,126.79000091552734,123.69999694824219,124.63999938964844,126.2699966430664,1506100.0,109.45975494384766
2016-01-29,129.3300018310547,125.8499984741211,126.97000122070312,128.4199981689453,3453200.0,111.32351684570312
2016-02-01,129.5500030517578,127.37999725341797,127.37999725341797,129.00999450683594,2001500.0,111.8349838256836
2016-02-02,129.24000549316406,127.27999877929688,128.4499969482422,128.00999450683594,2067600.0,110.96809387207031
2016-02-03,130.8800048828125,127.8499984741211,129.1699981689453,130.3699951171875,2470400.0,113.0139389038086
2016-02-04,130.25,128.07000732421875,129.5800018310547,128.75,2591400.0,111.6095962524414
2016-02-05,129.60000610351562,128.19000244140625,128.75,129.14999389648438,1832100.0,111.95632934570312
2016-02-08,129.8300018310547,126.72000122070312,127.86000061035156,129.42999267578125,2007800.0,112.1990737915039
2016-02-09,131.58999633789062,127.63999938964844,128.3300018310547,130.7899932861328,2391400.0,113.37800598144531
2016-02-10,132.42999267578125,129.6300048828125,131.11000061035156,129.9600067138672,1508400.0,112.65852355957031
2016-02-11,128.27999877929688,124.6500015258789,127.94999694824219,126.41999816894531,2486600.0,109.58979034423828
2016-02-12,129.41000366210938,126.33000183105469,127.1500015258789,128.6300048828125,2123900.0,111.50556182861328
2016-02-16,129.94000244140625,127.4000015258789,129.9199981689453,128.7100067138672,1715800.0,111.5749282836914
2016-02-17,131.27000427246094,128.75999450683594,128.83999633789062,130.5,1756000.0,113.1266098022461
2016-02-18,130.99000549316406,129.39999389648438,130.36000061035156,129.75,1505700.0,112.4764404296875
2016-02-19,130.63999938964844,128.55999755859375,129.69000244140625,130.42999267578125,1208900.0,113.06594848632812
2016-02-22,132.66000366210938,130.74000549316406,131.8000030517578,131.3699951171875,1614900.0,113.88077545166016
2016-02-23,131.91000366210938,130.91000366210938,131.2899932861328,131.52999877929688,999500.0,114.01949310302734
2016-02-24,132.60000610351562,129.72000122070312,130.52999877929688,132.35000610351562,1431900.0,114.73035430908203
2016-02-25,133.52999877929688,131.8800048828125,132.5,133.5,1279800.0,115.72723388671875
2016-02-26,133.72999572753906,130.7100067138672,133.30999755859375,131.3000030517578,1584200.0,113.82010650634766
2016-02-29,132.1199951171875,130.24000549316406,131.1999969482422,130.3000030517578,2242700.0,112.9532699584961
2016-03-01,131.94000244140625,130.35000610351562,130.99000549316406,131.63999938964844,1697700.0,114.11486053466797
2016-03-02,131.60000610351562,128.77000427246094,130.02999877929688,131.57000732421875,1660600.0,114.85687255859375
2016-03-03,131.7100067138672,130.1699981689453,131.11000061035156,131.6300048828125,1526400.0,114.90927124023438
2016-03-04,132.88999938964844,130.8800048828125,131.6300048828125,132.5399932861328,1810300.0,115.70367431640625
2016-03-07,132.57000732421875,130.8000030517578,131.64999389648438,131.58999633789062,1799000.0,114.87432098388672
2016-03-08,133.97000122070312,130.80999755859375,131.1300048828125,132.35000610351562,2914000.0,115.5378189086914
2016-03-09,133.5,131.52000427246094,132.5,131.97000122070312,1942300.0,115.20608520507812
2016-03-10,133.07000732421875,130.4600067138672,132.69000244140625,131.8800048828125,1840500.0,115.12751007080078
2016-03-11,133.27000427246094,131.6999969482422,132.25,133.14999389648438,1707700.0,116.2361831665039
2016-03-14,134.77999877929688,132.83999633789062,133.22000122070312,134.72000122070312,1883800.0,117.60674285888672
2016-03-15,135.0500030517578,133.50999450683594,134.24000549316406,134.6300048828125,1456100.0,117.52818298339844
2016-03-16,135.6999969482422,133.38999938964844,134.2899932861328,135.22999572753906,1448100.0,118.05196380615234
2016-03-17,136.61000061035156,134.97000122070312,135.17999267578125,136.00999450683594,1314800.0,118.73287200927734
2016-03-18,136.5,134.88999938964844,135.91000366210938,135.5399932861328,4559700.0,118.32258605957031
2016-03-21,136.0800018310547,134.1999969482422,136.0800018310547,135.25999450683594,1774500.0,118.07816314697266
2016-03-22,134.97000122070312,132.85000610351562,134.9199981689453,133.63999938964844,1934000.0,116.66393280029297
2016-03-23,135.3800048828125,133.66000366210938,133.72999572753906,133.97999572753906,2226800.0,116.96073913574219
2016-03-24,133.8699951171875,132.82000732421875,133.66000366210938,133.5500030517578,1097300.0,116.58535766601562
2016-03-28,135.0500030517578,133.83999633789062,133.8800048828125,134.24000549316406,1286300.0,117.18770599365234
2016-03-29,135.1699981689453,133.74000549316406,134.02000427246094,134.99000549316406,1326400.0,117.84245300292969
2016-03-30,136.32000732421875,135.10000610351562,135.5,135.7100067138672,1129300.0,118.4709701538086
2016-03-31,135.8699951171875,134.39999389648438,135.27000427246094,134.50999450683594,1216100.0,117.42342376708984
2016-04-01,136.38999938964844,133.02000427246094,133.3300018310547,136.1999969482422,1392000.0,118.89872741699219
2016-04-04,136.89999389648438,135.61000061035156,136.17999267578125,136.25999450683594,1155900.0,118.95113372802734
2016-04-05,136.97000122070312,135.91000366210938,136.17999267578125,136.25,1369500.0,118.94237518310547
2016-04-06,137.30999755859375,135.72999572753906,136.05999755859375,137.27000427246094,1309100.0,119.83283996582031
2016-04-07,136.99000549316406,136.0,136.5500030517578,136.64999389648438,1016300.0,119.29155731201172
2016-04-08,137.60000610351562,136.52000427246094,137.30999755859375,137.49000549316406,1048000.0,120.02487182617188
2016-04-11,138.75999450683594,137.0800018310547,137.6199951171875,137.25,1688200.0,119.81534576416016
2016-04-12,138.1999969482422,136.75999450683594,137.52999877929688,138.1300048828125,1471900.0,120.58357238769531
2016-04-13,138.38999938964844,135.49000549316406,138.38999938964844,135.66000366210938,1990500.0,118.42733764648438
2016-04-14,137.5500030517578,135.74000549316406,135.97999572753906,136.0399932861328,2040400.0,118.75904846191406
2016-04-15,136.8300018310547,135.75999450683594,136.1300048828125,136.47000122070312,1420700.0,119.13443756103516
2016-04-18,137.05999755859375,135.75999450683594,136.47000122070312,136.64999389648438,1276100.0,119.29155731201172
2016-04-19,137.83999633789062,136.0399932861328,136.83999633789062,137.11000061035156,1656300.0,119.693115234375
2016-04-20,137.47999572753906,135.58999633789062,137.0,135.64999389648438,1558800.0,118.4186019897461
2016-04-21,135.49000549316406,131.74000549316406,135.3800048828125,131.75,2984000.0,115.01398468017578
2016-04-22,127.23999786376953,123.77999877929688,125.5199966430664,126.87999725341797,5725600.0,110.76264190673828
2016-04-25,126.31999969482422,124.3499984741211,125.91999816894531,126.20999908447266,3741200.0,110.17774200439453
2016-04-26,126.86000061035156,123.5199966430664,126.6500015258789,123.80999755859375,3306900.0,108.08261108398438
2016-04-27,126.12000274658203,123.98999786376953,124.27999877929688,125.69999694824219,3312300.0,109.7325439453125
2016-04-28,126.83000183105469,125.0,125.16000366210938,126.23999786376953,2388300.0,110.20394134521484
2016-04-29,126.25,123.91000366210938,125.73999786376953,125.19000244140625,3109600.0,109.28733825683594
2016-05-02,125.98999786376953,123.83000183105469,124.87999725341797,125.22000122070312,1990700.0,109.31350708007812
2016-05-03,127.19000244140625,124.69999694824219,124.80000305175781,126.12999725341797,1849200.0,110.10790252685547
2016-05-04,128.3300018310547,125.56999969482422,125.94999694824219,127.93000030517578,2424100.0,111.67926025390625
2016-05-05,129.1999969482422,127.08000183105469,127.9000015258789,127.36000061035156,2166200.0,111.18167114257812
2016-05-06,128.1199951171875,126.91000366210938,127.5,127.91999816894531,1455600.0,111.67053985595703
2016-05-09,128.9600067138672,127.7699966430664,128.0,128.1300048828125,1388900.0,111.8538589477539
2016-05-10,129.3000030517578,128.02000427246094,128.10000610351562,129.22999572753906,1156800.0,112.81411743164062
2016-05-11,129.6300048828125,128.4499969482422,129.3800048828125,128.8300018310547,1304800.0,112.46492004394531
2016-05-12,130.57000732421875,129.24000549316406,129.55999755859375,130.05999755859375,1038700.0,113.53868103027344
2016-05-13,130.6999969482422,129.10000610351562,129.8300018310547,129.19000244140625,1429700.0,112.7791976928711
2016-05-16,129.9499969482422,128.77999877929688,128.82000732421875,129.5800018310547,922800.0,113.11965942382812
2016-05-17,130.0,125.91999816894531,129.22999572753906,126.41999816894531,1637100.0,110.36107635498047
2016-05-18,126.7699966430664,125.01000213623047,126.31999969482422,126.12000274658203,1647000.0,110.09918212890625
2016-05-19,126.87000274658203,125.41000366210938,125.7300033569336,126.80000305175781,1359700.0,110.69281768798828
2016-05-20,127.41000366210938,125.7300033569336,127.12000274658203,126.05999755859375,1843000.0,110.04681396484375
2016-05-23,126.30000305175781,125.66000366210938,126.13999938964844,125.94999694824219,1421400.0,109.95076751708984
2016-05-24,127.2699966430664,125.5999984741211,126.04000091552734,126.76000213623047,1573200.0,110.65787506103516
2016-05-25,127.91000366210938,126.61000061035156,127.36000061035156,127.20999908447266,2527300.0,111.05074310302734
2016-05-26,128.1199951171875,127.12000274658203,127.2699966430664,127.91999816894531,1312300.0,111.67053985595703
2016-05-27,129.1300048828125,127.63999938964844,127.93000030517578,128.4499969482422,1293000.0,112.13319396972656
2016-05-31,128.94000244140625,126.70999908447266,128.55999755859375,127.04000091552734,4531100.0,110.90230560302734
2016-06-01,128.0500030517578,126.8499984741211,126.87999725341797,127.9800033569336,1333300.0,111.72293090820312
2016-06-02,128.0,127.04000091552734,127.87999725341797,128.0,1298700.0,111.74037170410156
2016-06-03,130.1699981689453,128.00999450683594,128.11000061035156,130.0800018310547,1872100.0,113.55615997314453
2016-06-06,130.74000549316406,129.2899932861328,129.8000030517578,130.1699981689453,1415600.0,113.63471221923828
2016-06-07,130.77999877929688,129.92999267578125,130.24000549316406,130.1999969482422,1088300.0,113.660888671875
2016-06-08,130.0,128.77000427246094,128.97999572753906,129.77999877929688,1019100.0,114.1004867553711
2016-06-09,130.77999877929688,129.2899932861328,129.32000732421875,130.69000244140625,794900.0,114.90055084228516
2016-06-10,131.13999938964844,129.2899932861328,129.8300018310547,130.97999572753906,1238400.0,115.15552520751953
2016-06-13,131.5399932861328,130.1199951171875,130.6199951171875,130.25,1077600.0,114.51372528076172
2016-06-14,132.8000030517578,129.32000732421875,130.2100067138672,132.41000366210938,1951400.0,116.41277313232422
2016-06-15,132.83999633789062,131.63999938964844,132.80999755859375,132.0399932861328,1413800.0,116.08746337890625
2016-06-16,133.10000610351562,131.2899932861328,131.5800018310547,133.0500030517578,1050200.0,116.97545623779297
2016-06-17,133.0,131.08999633789062,133.0,132.39999389648438,1964400.0,116.40396118164062
2016-06-20,133.67999267578125,132.69000244140625,133.27999877929688,132.8800048828125,1464300.0,116.82598114013672
2016-06-21,133.7100067138672,133.0,133.30999755859375,133.0399932861328,984400.0,116.96662902832031
2016-06-22,134.02000427246094,132.8000030517578,132.85000610351562,133.16000366210938,1092300.0,117.0721664428711
2016-06-23,134.00999450683594,133.1999969482422,133.38999938964844,133.9600067138672,937600.0,117.77550506591797
2016-06-24,133.3000030517578,130.8699951171875,131.64999389648438,131.0800018310547,2260700.0,115.24344635009766
2016-06-27,131.19000244140625,129.7899932861328,130.82000732421875,130.75,1631100.0,114.95333099365234
2016-06-28,133.5399932861328,130.6999969482422,131.3300018310547,133.52000427246094,1781500.0,117.38867950439453
2016-06-29,134.86000061035156,133.52999877929688,133.91000366210938,134.6999969482422,1455400.0,118.42608642578125
2016-06-30,137.47999572753906,134.25999450683594,134.75999450683594,137.47999572753906,1767200.0,120.87022399902344
2016-07-01,137.77000427246094,136.72000122070312,137.0,137.0,1470000.0,120.44821166992188
2016-07-05,138.8699951171875,136.75999450683594,137.0,137.94000244140625,1542900.0,121.27465057373047
2016-07-06,137.8000030517578,135.89999389648438,137.77999877929688,136.75,1984400.0,120.22838592529297
2016-07-07,136.8000030517578,133.5399932861328,136.7899932861328,134.22000122070312,3703500.0,118.00408172607422
2016-07-08,136.08999633789062,134.02000427246094,134.8300018310547,135.9600067138672,1519600.0,119.53385162353516
2016-07-11,136.35000610351562,134.69000244140625,135.8000030517578,136.13999938964844,1002600.0,119.6921157836914
2016-07-12,135.92999267578125,134.33999633789062,135.60000610351562,134.80999755859375,1420700.0,118.52279663085938
2016-07-13,135.9199981689453,134.7899932861328,134.80999755859375,135.72000122070312,1086400.0,119.32284545898438
2016-07-14,136.8699951171875,135.63999938964844,135.94000244140625,135.88999938964844,1040700.0,119.4723129272461
2016-07-15,136.6699981689453,135.52000427246094,136.25999450683594,136.1699981689453,1094900.0,119.7184829711914
2016-07-18,136.33999633789062,135.0500030517578,136.2899932861328,135.11000061035156,1105600.0,118.78653717041016
2016-07-19,135.22000122070312,134.52999877929688,135.0,135.16000366210938,1577000.0,118.83051300048828
2016-07-20,135.72999572753906,133.6699981689453,135.27000427246094,133.67999267578125,2081200.0,117.52930450439453
2016-07-21,134.00999450683594,133.02000427246094,133.7899932861328,133.36000061035156,1476200.0,117.24796295166016
2016-07-22,134.64999389648438,133.57000732421875,133.8000030517578,134.6300048828125,1768100.0,118.36454772949219
2016-07-25,133.75,131.5,133.0,132.58999633789062,2448700.0,116.5710220336914
2016-07-26,134.6199951171875,132.0500030517578,132.58999633789062,132.27999877929688,2819700.0,116.29847717285156
2016-07-27,132.19000244140625,129.8000030517578,132.19000244140625,130.5,1683800.0,114.73350524902344
2016-07-28,131.00999450683594,129.49000549316406,130.6699981689453,130.14999389648438,2267900.0,114.42578887939453
2016-07-29,131.05999755859375,129.5500030517578,130.25,129.5500030517578,1827800.0,113.89830017089844
2016-08-01,131.25,128.91000366210938,129.22000122070312,130.80999755859375,2611500.0,115.00605010986328
2016-08-02,131.4499969482422,130.0800018310547,130.83999633789062,130.80999755859375,1730800.0,115.00605010986328
2016-08-03,131.2100067138672,128.47000122070312,131.10000610351562,128.88999938964844,2278500.0,113.31802368164062
2016-08-04,130.35000610351562,129.05999755859375,129.3000030517578,130.1300048828125,1291700.0,114.4082260131836
2016-08-05,130.6699981689453,128.85000610351562,130.24000549316406,129.39999389648438,1560200.0,113.76640319824219
2016-08-08,130.0500030517578,128.5399932861328,129.3699951171875,129.55999755859375,1476700.0,113.9070816040039
2016-08-09,130.47000122070312,129.27000427246094,129.6199951171875,129.99000549316406,864000.0,114.28514862060547
2016-08-10,130.5500030517578,129.75999450683594,129.88999938964844,130.25,971600.0,114.51372528076172
2016-08-11,130.8699951171875,128.8300018310547,130.75999450683594,128.94000244140625,1608900.0,113.36198425292969
2016-08-12,129.36000061035156,128.42999267578125,129.3000030517578,128.82000732421875,2333300.0,113.25650024414062
2016-08-15,129.47999572753906,128.6199951171875,128.91000366210938,128.97000122070312,1221500.0,113.38836669921875
2016-08-16,129.0500030517578,127.5199966430664,128.8000030517578,127.52999877929688,1443700.0,112.12232971191406
2016-08-17,127.97000122070312,126.80999755859375,127.69999694824219,127.55000305175781,2158500.0,112.13993072509766
2016-08-18,127.91000366210938,127.23999786376953,127.58000183105469,127.44999694824219,1350700.0,112.05200958251953
2016-08-19,127.38999938964844,126.33000183105469,126.97000122070312,126.77999877929688,1785400.0,111.46295166015625
2016-08-22,127.72000122070312,126.37000274658203,126.77999877929688,127.38999938964844,1213000.0,111.99925231933594
2016-08-23,128.74000549316406,127.45999908447266,127.66000366210938,128.64999389648438,1726200.0,113.10701751708984
2016-08-24,128.77000427246094,127.5,128.64999389648438,128.63999938964844,1416600.0,113.09822845458984
2016-08-25,129.4600067138672,128.2899932861328,128.4499969482422,128.39999389648438,1556100.0,112.88721466064453
2016-08-26,129.83999633789062,127.88999938964844,128.50999450683594,128.24000549316406,1454800.0,112.74656677246094
2016-08-29,129.1699981689453,128.07000732421875,128.39999389648438,128.72000122070312,1486900.0,113.16857147216797
2016-08-30,129.0500030517578,127.93000030517578,128.72000122070312,128.14999389648438,989000.0,112.66741943359375
2016-08-31,128.6199951171875,127.79000091552734,128.02999877929688,128.05999755859375,1073600.0,112.58832550048828
2016-09-01,128.33999633789062,127.37999725341797,128.00999450683594,128.1199951171875,1726100.0,112.64104461669922
2016-09-02,129.4600067138672,128.00999450683594,128.00999450683594,128.82000732421875,816600.0,113.25650024414062
2016-09-06,129.6300048828125,128.3699951171875,128.82000732421875,129.25999450683594,917200.0,113.64331817626953
2016-09-07,128.4199981689453,126.94000244140625,127.9800033569336,127.08000183105469,1434500.0,112.5276107788086
2016-09-08,127.08999633789062,125.56999969482422,126.94999694824219,125.91000366210938,1650400.0,111.4916000366211
2016-09-09,125.16999816894531,122.91000366210938,125.16999816894531,122.95999908447266,2305100.0,108.87940216064453
2016-09-12,123.91999816894531,122.02999877929688,122.36000061035156,123.62999725341797,1820600.0,109.4726791381836
2016-09-13,123.55999755859375,122.3499984741211,123.30000305175781,122.38999938964844,1585500.0,108.37467193603516
2016-09-14,122.9800033569336,121.44999694824219,122.31999969482422,121.87000274658203,1686400.0,107.91423797607422
2016-09-15,122.95999908447266,121.75,121.87000274658203,122.44000244140625,1158100.0,108.41897583007812
2016-09-16,122.80999755859375,121.19999694824219,121.94999694824219,121.80999755859375,2134500.0,107.86109924316406
2016-09-19,122.54000091552734,121.44000244140625,121.9000015258789,122.16999816894531,1025500.0,108.17987823486328
2016-09-20,124.37999725341797,122.61000061035156,122.7699966430664,123.47000122070312,1360600.0,109.33100891113281
2016-09-21,125.3499984741211,123.18000030517578,123.33999633789062,124.94000244140625,1733600.0,110.6326675415039
2016-09-22,127.41999816894531,125.3499984741211,125.3499984741211,127.2300033569336,1785100.0,112.66044616699219
2016-09-23,127.36000061035156,126.41999816894531,127.36000061035156,126.7300033569336,1367600.0,112.21770477294922
2016-09-26,127.12999725341797,125.43000030517578,126.4800033569336,125.51000213623047,1336900.0,111.13739776611328
2016-09-27,126.2300033569336,125.37000274658203,125.73999786376953,125.69000244140625,1134900.0,111.29678344726562
2016-09-28,126.58999633789062,125.19999694824219,126.04000091552734,126.4800033569336,1422400.0,111.99632263183594
2016-09-29,126.5,125.05000305175781,126.11000061035156,125.22000122070312,1229700.0,110.88062286376953
2016-09-30,126.86000061035156,125.69999694824219,125.70999908447266,126.13999938964844,1920000.0,111.69525909423828
2016-10-03,125.76000213623047,124.30999755859375,125.5199966430664,124.76000213623047,1512300.0,110.4732894897461
2016-10-04,125.08000183105469,122.7699966430664,125.08000183105469,123.02999877929688,1701900.0,108.9413833618164
2016-10-05,123.58000183105469,121.94999694824219,123.37999725341797,122.62999725341797,1954600.0,108.58718872070312
2016-10-06,123.95999908447266,122.05999755859375,122.37999725341797,123.2300033569336,1521300.0,109.11849975585938
2016-10-07,124.08999633789062,122.12000274658203,123.88999938964844,123.01000213623047,1397800.0,108.92369842529297
2016-10-10,123.69000244140625,121.91000366210938,123.12000274658203,122.16000366210938,1036100.0,108.1710205078125
2016-10-11,122.16000366210938,120.87000274658203,121.97000122070312,121.38999938964844,1753000.0,107.48919677734375
2016-10-12,122.51000213623047,121.43000030517578,121.7300033569336,121.87999725341797,1532900.0,107.9230728149414
2016-10-13,122.04000091552734,120.68000030517578,121.16000366210938,121.62999725341797,1688700.0,107.70172119140625
2016-10-14,121.98999786376953,120.48999786376953,121.81999969482422,120.5,1894800.0,106.70112609863281
2016-10-17,121.30000305175781,120.5199966430664,120.86000061035156,120.69000244140625,1235500.0,106.86936950683594
2016-10-18,121.62999725341797,120.25,121.3499984741211,120.54000091552734,1869900.0,106.73653411865234
2016-10-19,120.6500015258789,119.87999725341797,120.63999938964844,120.20999908447266,1947400.0,106.44432067871094
2016-10-20,120.30000305175781,119.0,120.01000213623047,119.16999816894531,2158800.0,105.52340698242188
2016-10-21,120.45999908447266,118.5199966430664,119.0,119.58000183105469,2216600.0,105.88645935058594
2016-10-24,118.41000366210938,113.55999755859375,117.29000091552734,113.91000366210938,5582900.0,100.86577606201172
2016-10-25,115.0,113.41000366210938,113.94000244140625,113.7300033569336,3420800.0,100.70637512207031
2016-10-26,114.2699966430664,112.63999938964844,112.95999908447266,113.66000366210938,2294100.0,100.64437866210938
2016-10-27,114.2699966430664,113.13999938964844,113.87999725341797,113.81999969482422,2046800.0,100.78607177734375
2016-10-28,114.98999786376953,113.8499984741211,114.25,114.55000305175781,2581200.0,101.4324722290039
2016-10-31,114.7699966430664,113.6500015258789,114.56999969482422,114.41000366210938,2435900.0,101.30848693847656
2016-11-01,114.97000122070312,113.27999877929688,114.30999755859375,114.0,1787900.0,100.9454574584961
2016-11-02,114.86000061035156,113.5199966430664,114.0199966430664,113.55000305175781,1586100.0,100.54698944091797
2016-11-03,114.13999938964844,113.4800033569336,113.9800033569336,113.6500015258789,1443800.0,100.63553619384766
2016-11-04,114.05000305175781,112.26000213623047,113.7300033569336,112.3499984741211,1536800.0,99.4843978881836
2016-11-07,114.18000030517578,113.06999969482422,113.33000183105469,113.9800033569336,1575600.0,100.92774963378906
2016-11-08,116.08999633789062,113.88999938964844,113.94999694824219,115.4800033569336,1869500.0,102.25597381591797
2016-11-09,116.3499984741211,112.08000183105469,112.86000061035156,115.37000274658203,2439400.0,102.15857696533203
2016-11-10,114.44000244140625,111.30000305175781,114.41000366210938,112.1500015258789,2987200.0,99.30730438232422
2016-11-11,113.77999877929688,111.72000122070312,112.1500015258789,112.91000366210938,1530700.0,99.98028564453125
2016-11-14,113.58000183105469,112.30999755859375,112.54000091552734,113.08999633789062,2241200.0,100.13964080810547
2016-11-15,114.0999984741211,113.02999877929688,113.06999969482422,113.87000274658203,2587100.0,100.8303451538086
2016-11-16,114.41000366210938,113.0199966430664,114.0,113.33999633789062,1758000.0,100.36103057861328
2016-11-17,113.83000183105469,111.91000366210938,113.4000015258789,112.36000061035156,2098000.0,99.49324035644531
2016-11-18,113.41000366210938,112.19000244140625,112.25,113.11000061035156,1603800.0,100.1573715209961
2016-11-21,114.19000244140625,113.11000061035156,113.11000061035156,113.80000305175781,1710100.0,100.76835632324219
2016-11-22,114.98999786376953,113.77999877929688,113.9000015258789,114.54000091552734,1426900.0,101.42361450195312
2016-11-23,115.0,114.0,114.19000244140625,114.55999755859375,1620800.0,101.44131469726562
2016-11-25,116.30000305175781,114.6500015258789,114.77999877929688,115.83999633789062,996900.0,102.57475280761719
2016-11-28,117.18000030517578,115.37000274658203,115.66999816894531,117.16999816894531,2108100.0,103.75244903564453
2016-11-29,117.41000366210938,115.91000366210938,117.16000366210938,116.5,2011500.0,103.15916442871094
2016-11-30,116.83999633789062,114.66000366210938,116.12000274658203,115.61000061035156,5053900.0,102.37109375
2016-12-01,115.30999755859375,113.29000091552734,115.06999969482422,114.01000213623047,1985000.0,100.95430755615234
2016-12-02,114.87000274658203,113.55999755859375,114.20999908447266,114.11000061035156,1433200.0,101.04285430908203
2016-12-05,114.5999984741211,113.08999633789062,114.31999969482422,113.62999725341797,2130200.0,100.6178207397461
2016-12-06,114.45999908447266,113.52999877929688,113.62999725341797,114.38999938964844,1458900.0,101.29080963134766
2016-12-07,114.37000274658203,113.41999816894531,113.79000091552734,114.33999633789062,1870500.0,102.06739807128906
2016-12-08,114.33999633789062,113.3499984741211,113.94999694824219,113.4000015258789,1470600.0,101.22830963134766
2016-12-09,114.70999908447266,113.3499984741211,113.5,114.61000061035156,1854100.0,102.30843353271484
2016-12-12,115.56999969482422,114.4800033569336,114.72000122070312,114.77999877929688,1450900.0,102.46016693115234
2016-12-13,115.6500015258789,114.19000244140625,114.58000183105469,115.33999633789062,2545800.0,102.96006774902344
2016-12-14,116.20999908447266,114.41999816894531,115.6500015258789,114.61000061035156,2334900.0,102.30843353271484
2016-12-15,115.62999725341797,114.18000030517578,114.5,115.38999938964844,1354000.0,103.00471496582031
2016-12-16,116.58999633789062,115.33999633789062,115.62999725341797,116.23999786376953,3166900.0,103.76348114013672
2016-12-19,116.48999786376953,114.79000091552734,116.44999694824219,114.87000274658203,1437500.0,102.54052734375
2016-12-20,115.30999755859375,114.02999877929688,114.91000366210938,114.41999816894531,1821200.0,102.13882446289062
2016-12-21,115.36000061035156,114.5,114.5,114.61000061035156,1225200.0,102.30843353271484
2016-12-22,115.1500015258789,114.0,114.5,115.0199966430664,950100.0,102.67440032958984
2016-12-23,115.3499984741211,114.62000274658203,115.31999969482422,114.81999969482422,779200.0,102.49589538574219
2016-12-27,115.5,114.83000183105469,114.87000274658203,115.11000061035156,747000.0,102.75476837158203
2016-12-28,115.23999786376953,114.0199966430664,115.0,114.1500015258789,929000.0,101.8978042602539
2016-12-29,115.27999877929688,114.33999633789062,114.83999633789062,115.08000183105469,968500.0,102.72797393798828
2016-12-30,115.1500015258789,113.80000305175781,114.88999938964844,114.12000274658203,1417500.0,101.87101745605469
2017-01-03,114.91000366210938,113.70999908447266,114.16000366210938,114.55999755859375,1645800.0,102.26378631591797
2017-01-04,115.43000030517578,114.76000213623047,114.91000366210938,115.18000030517578,1846000.0,102.8172607421875
2017-01-05,116.08999633789062,114.5999984741211,115.25,116.01000213623047,1660300.0,103.55816650390625
2017-01-06,116.61000061035156,115.43000030517578,116.01000213623047,116.43000030517578,1829300.0,103.93309783935547
2017-01-09,116.0,114.63999938964844,115.5199966430664,114.63999938964844,1883900.0,102.33522033691406
2017-01-10,114.62999725341797,113.97000122070312,114.5,114.36000061035156,2521100.0,102.08526611328125
2017-01-11,114.83000183105469,114.11000061035156,114.11000061035156,114.41000366210938,1489200.0,102.1298828125
2017-01-12,114.58999633789062,113.9800033569336,114.26000213623047,114.45999908447266,1236800.0,102.17452239990234
2017-01-13,114.88999938964844,114.19000244140625,114.19000244140625,114.58999633789062,1032400.0,102.29055786132812
2017-01-17,116.05999755859375,114.56999969482422,114.87999725341797,116.02999877929688,1567900.0,103.57599639892578
2017-01-18,116.77999877929688,115.83999633789062,115.83999633789062,116.4000015258789,2015200.0,103.90630340576172
2017-01-19,116.44999694824219,115.62000274658203,116.4000015258789,115.9000015258789,2200200.0,103.4599609375
2017-01-20,117.16999816894531,115.5,116.69999694824219,116.22000122070312,2056100.0,103.74561309814453
2017-01-23,117.05000305175781,115.91999816894531,115.91999816894531,116.9800033569336,2626700.0,104.42406463623047
2017-01-24,122.02999877929688,118.26000213623047,118.44999694824219,121.79000091552734,4207100.0,108.71778106689453
2017-01-25,122.83999633789062,121.4000015258789,121.41000366210938,122.0,3447500.0,108.90523529052734
2017-01-26,122.63999938964844,121.44000244140625,121.88999938964844,122.1500015258789,2675500.0,109.03911590576172
2017-01-27,122.08999633789062,120.6500015258789,122.0,120.9800033569336,1634000.0,107.99471282958984
2017-01-30,121.41999816894531,120.19999694824219,121.41999816894531,120.58999633789062,2031900.0,107.64656066894531
2017-01-31,121.72000122070312,120.51000213623047,120.66999816894531,121.12999725341797,2862800.0,108.12860870361328
2017-02-01,121.58000183105469,120.37999725341797,120.5199966430664,121.01000213623047,1952600.0,108.021484375
2017-02-02,122.12999725341797,121.18000030517578,121.44000244140625,121.41000366210938,1347900.0,108.37854766845703
2017-02-03,122.31999969482422,121.02999877929688,121.76000213623047,121.54000091552734,1591800.0,108.4946060180664
2017-02-06,121.81999969482422,120.8499984741211,121.05999755859375,121.23999786376953,1400000.0,108.22679901123047
2017-02-07,122.9000015258789,120.88999938964844,121.5,122.44999694824219,2243100.0,109.30692291259766
2017-02-08,123.0199966430664,122.12000274658203,122.44999694824219,122.93000030517578,1840300.0,109.73542022705078
2017-02-09,124.33000183105469,122.61000061035156,122.75,123.58000183105469,2439500.0,110.31564331054688
2017-02-10,123.83999633789062,123.05000305175781,123.31999969482422,123.55000305175781,1036000.0,110.28887176513672
2017-02-13,123.86000061035156,123.19000244140625,123.81999969482422,123.43000030517578,1255100.0,110.18175506591797
2017-02-14,123.58999633789062,121.77999877929688,123.58999633789062,122.87999725341797,1872300.0,109.6907730102539
2017-02-15,124.68000030517578,122.95999908447266,123.45999908447266,124.41000366210938,1710100.0,111.05656433105469
2017-02-16,126.72000122070312,123.70999908447266,124.41000366210938,126.62000274658203,2741600.0,113.02935028076172
2017-02-17,132.19000244140625,126.77999877929688,127.69999694824219,131.92999267578125,6657000.0,117.76937866210938
2017-02-21,134.97999572753906,130.85000610351562,130.85000610351562,134.63999938964844,3755000.0,120.18854522705078
2017-02-22,136.2100067138672,133.1300048828125,133.88999938964844,134.8300018310547,3160200.0,120.3581314086914
2017-02-23,135.69000244140625,133.92999267578125,134.94000244140625,134.33999633789062,1755600.0,119.92071533203125
2017-02-24,134.55999755859375,132.86000061035156,133.8699951171875,133.66000366210938,2785200.0,119.3136978149414
2017-02-27,133.44000244140625,131.32000732421875,132.75,132.6300048828125,1771500.0,118.39427185058594
2017-02-28,133.30999755859375,132.17999267578125,132.67999267578125,132.5500030517578,2388700.0,118.32286834716797
2017-03-01,133.47000122070312,132.47999572753906,132.83999633789062,133.24000549316406,1581900.0,118.93880462646484
2017-03-02,134.75,132.25999450683594,133.0399932861328,134.5,1609200.0,120.06355285644531
2017-03-03,134.22000122070312,132.9199981689453,134.0500030517578,133.64999389648438,1439400.0,119.30479431152344
2017-03-06,133.8000030517578,133.0800018310547,133.11000061035156,133.3300018310547,1820700.0,119.0191421508789
2017-03-07,134.08999633789062,133.16000366210938,133.41000366210938,133.3800048828125,2143500.0,119.06377410888672
2017-03-08,132.80999755859375,131.92999267578125,131.92999267578125,132.35000610351562,2152500.0,119.00984191894531
2017-03-09,132.97999572753906,132.0800018310547,132.22000122070312,132.7100067138672,1471900.0,119.33353424072266
2017-03-10,133.9199981689453,132.32000732421875,132.7100067138672,133.88999938964844,2159500.0,120.39459228515625
2017-03-13,134.13999938964844,133.0399932861328,133.5500030517578,133.74000549316406,2032000.0,120.25971221923828
2017-03-14,134.3000030517578,133.3000030517578,133.7100067138672,133.5399932861328,1139100.0,120.0798568725586
2017-03-15,135.22000122070312,133.5,133.67999267578125,135.0,1523000.0,121.39271545410156
2017-03-16,135.0500030517578,134.00999450683594,134.67999267578125,134.52999877929688,1847900.0,120.97008514404297
2017-03-17,135.1300048828125,133.08999633789062,134.6199951171875,133.25999450683594,5274800.0,119.82811737060547
2017-03-20,134.16000366210938,133.3300018310547,133.4600067138672,133.74000549316406,2100100.0,120.25971221923828
2017-03-21,134.16000366210938,133.36000061035156,134.10000610351562,133.67999267578125,2189100.0,120.20574188232422
2017-03-22,134.33999633789062,132.39999389648438,134.16000366210938,132.83999633789062,1968700.0,119.45043182373047
2017-03-23,133.75999450683594,132.55999755859375,132.8000030517578,133.02999877929688,1575800.0,119.62128448486328
2017-03-24,133.25,132.14999389648438,133.1999969482422,132.4499969482422,1557400.0,119.0997314453125
2017-03-27,132.85000610351562,131.47999572753906,132.08999633789062,132.36000061035156,1953500.0,119.018798828125
2017-03-28,133.24000549316406,131.8300018310547,131.91000366210938,132.72999572753906,1257400.0,119.35150909423828
2017-03-29,133.11000061035156,132.25999450683594,132.3699951171875,132.52999877929688,834500.0,119.17166137695312
2017-03-30,132.89999389648438,131.94000244140625,132.6699981689453,132.24000549316406,854700.0,118.91089630126953
2017-03-31,132.5500030517578,131.60000610351562,132.14999389648438,131.6300048828125,1059300.0,118.36239624023438
2017-04-03,132.35000610351562,131.13999938964844,132.0399932861328,131.50999450683594,1259700.0,118.25447082519531
2017-04-04,132.3000030517578,131.10000610351562,131.7100067138672,132.22000122070312,1944300.0,118.89293670654297
2017-04-05,132.9600067138672,131.5399932861328,132.4199981689453,131.6999969482422,1170900.0,118.42532348632812
2017-04-06,132.11000061035156,131.0,131.77999877929688,131.11000061035156,1060700.0,117.89481353759766
2017-04-07,132.25,131.11000061035156,131.27999877929688,131.3300018310547,1336300.0,118.09262084960938
2017-04-10,132.41000366210938,131.24000549316406,131.47999572753906,131.9199981689453,1336700.0,118.6231689453125
2017-04-11,132.75,131.6699981689453,131.89999389648438,132.6300048828125,1127000.0,119.2615966796875
2017-04-12,133.38999938964844,132.25999450683594,132.8000030517578,133.10000610351562,1905800.0,119.68421173095703
2017-04-13,133.10000610351562,132.13999938964844,133.02999877929688,132.6699981689453,1284500.0,119.29755401611328
2017-04-17,133.5500030517578,132.83999633789062,132.83999633789062,133.3699951171875,1200200.0,119.92701721191406
2017-04-18,134.24000549316406,132.6199951171875,132.9199981689453,133.91000366210938,2158900.0,120.41258239746094
2017-04-19,134.1999969482422,132.9499969482422,133.82000732421875,133.19000244140625,1423000.0,119.76517486572266
2017-04-20,133.19000244140625,131.11000061035156,133.13999938964844,131.22999572753906,2697400.0,118.00271606445312
2017-04-21,131.41000366210938,129.41000366210938,130.5800018310547,129.9600067138672,3230700.0,116.8607177734375
2017-04-24,130.9499969482422,127.18000030517578,127.48999786376953,130.39999389648438,3495900.0,117.2563705444336
2017-04-25,132.8699951171875,130.6999969482422,131.47000122070312,132.82000732421875,2725500.0,119.43242645263672
2017-04-26,132.57000732421875,130.07000732421875,132.57000732421875,130.1300048828125,2147000.0,117.01359558105469
2017-04-27,130.91000366210938,129.69000244140625,130.25999450683594,130.0,1348900.0,116.89669036865234
2017-04-28,130.0,128.25,129.52000427246094,129.75,2340400.0,116.671875
2017-05-01,130.58999633789062,129.2100067138672,129.35000610351562,129.55999755859375,1286900.0,116.50103759765625
2017-05-02,130.1300048828125,126.58000183105469,129.58999633789062,126.73999786376953,2568500.0,113.96527862548828
2017-05-03,126.91999816894531,125.55000305175781,126.43000030517578,126.7699966430664,3076500.0,113.99225616455078
2017-05-04,128.25,126.5,126.7699966430664,128.19000244140625,1845600.0,115.26911926269531
2017-05-05,128.9199981689453,128.10000610351562,128.5800018310547,128.58999633789062,1202700.0,115.62879943847656
2017-05-08,128.88999938964844,127.80999755859375,128.33999633789062,128.32000732421875,1197300.0,115.38602447509766
2017-05-09,128.8000030517578,128.0800018310547,128.38999938964844,128.2100067138672,2234600.0,115.28711700439453
2017-05-10,129.4199981689453,128.02999877929688,128.25,129.14999389648438,1397600.0,116.1323471069336
2017-05-11,128.9600067138672,127.38999938964844,128.80999755859375,128.11000061035156,1497200.0,115.19720458984375
2017-05-12,128.24000549316406,127.43000030517578,127.43000030517578,127.98999786376953,1365200.0,115.08928680419922
2017-05-15,128.47999572753906,127.88999938964844,128.08999633789062,128.0,997400.0,115.09828186035156
2017-05-16,128.60000610351562,127.41000366210938,128.1699981689453,127.41999816894531,1408900.0,114.57673645019531
2017-05-17,128.72999572753906,126.73999786376953,127.41999816894531,127.95999908447266,1748900.0,115.06229400634766
2017-05-18,128.2899932861328,126.22000122070312,127.8499984741211,126.72000122070312,1832400.0,113.94731140136719
2017-05-19,127.73999786376953,126.66000366210938,127.04000091552734,127.19999694824219,1496700.0,114.37889862060547
2017-05-22,127.76000213623047,127.01000213623047,127.22000122070312,127.08000183105469,1102600.0,114.27099609375
2017-05-23,127.88999938964844,126.69999694824219,127.20999908447266,126.80000305175781,1179600.0,114.01924133300781
2017-05-24,128.14999389648438,127.12000274658203,127.5199966430664,128.02999877929688,1120500.0,115.12525177001953
2017-05-25,130.0,127.94000244140625,128.0399932861328,129.39999389648438,1641900.0,116.3571548461914
2017-05-26,129.80999755859375,129.11000061035156,129.1199951171875,129.50999450683594,1070800.0,116.45606231689453
2017-05-30,129.4199981689453,128.38999938964844,129.35000610351562,128.97000122070312,2555600.0,115.97051239013672
2017-05-31,131.25999450683594,129.08999633789062,129.35000610351562,129.72999572753906,5187200.0,116.6539077758789
2017-06-01,130.2899932861328,128.1699981689453,130.2899932861328,129.99000549316406,1667900.0,116.88770294189453
2017-06-02,130.75,129.83999633789062,130.3800048828125,130.63999938964844,1084000.0,117.47216796875
2017-06-05,130.9199981689453,129.75,130.30999755859375,130.8000030517578,831000.0,117.6160659790039
2017-06-06,131.1699981689453,130.11000061035156,130.5399932861328,130.9600067138672,1237500.0,117.75992584228516
2017-06-07,130.4499969482422,129.66000366210938,129.89999389648438,130.1999969482422,1153800.0,117.95014953613281
2017-06-08,130.1999969482422,127.55000305175781,130.1999969482422,128.0500030517578,1365400.0,116.00244140625
2017-06-09,128.8300018310547,127.55000305175781,127.97000122070312,128.77000427246094,1499900.0,116.65470123291016
2017-06-12,129.94000244140625,128.77000427246094,128.77000427246094,128.82000732421875,1222200.0,116.70001220703125
2017-06-13,129.75,128.4600067138672,128.9499969482422,129.3699951171875,855000.0,117.1982421875
2017-06-14,130.8699951171875,129.77999877929688,129.77999877929688,130.3699951171875,1202600.0,118.10417938232422
2017-06-15,131.08999633789062,129.75,130.02000427246094,130.82000732421875,994800.0,118.51183319091797
2017-06-16,131.27999877929688,129.63999938964844,130.60000610351562,130.2100067138672,1772500.0,117.95923614501953
2017-06-19,132.8000030517578,130.1300048828125,130.86000061035156,132.77999877929688,1595700.0,120.28742218017578
2017-06-20,133.85000610351562,131.67999267578125,132.77999877929688,132.97000122070312,1545600.0,120.45955657958984
2017-06-21,133.41000366210938,131.5,132.92999267578125,131.8300018310547,1403600.0,119.42680358886719
2017-06-22,132.2100067138672,131.1999969482422,131.7899932861328,131.75,958000.0,119.35431671142578
2017-06-23,132.63999938964844,131.75,131.75,132.3000030517578,1464500.0,119.85258483886719
2017-06-26,134.2899932861328,132.32000732421875,132.64999389648438,133.52000427246094,1555400.0,120.95781707763672
2017-06-27,133.5399932861328,131.4499969482422,133.3000030517578,131.4600067138672,1199400.0,119.09161376953125
2017-06-28,132.55999755859375,131.36000061035156,132.22000122070312,131.5,963400.0,119.12783813476562
2017-06-29,131.44000244140625,128.77999877929688,130.99000549316406,129.0,1381600.0,116.86306762695312
2017-06-30,130.0500030517578,129.10000610351562,129.25999450683594,129.11000061035156,1351900.0,116.96271514892578
2017-07-03,130.0,128.41000366210938,129.61000061035156,128.42999267578125,800700.0,116.34669494628906
2017-07-05,129.1999969482422,128.0800018310547,128.74000549316406,128.66000366210938,1161100.0,116.55506896972656
2017-07-06,128.52000427246094,126.30999755859375,128.25,126.37999725341797,1654700.0,114.48957061767578
2017-07-07,127.38999938964844,125.77999877929688,126.43000030517578,126.80000305175781,1694100.0,114.87006378173828
2017-07-10,127.94000244140625,126.62999725341797,127.0,127.01000213623047,1105000.0,115.0602798461914
2017-07-11,127.19999694824219,125.75,127.12999725341797,125.80999755859375,1375200.0,113.97319793701172
2017-07-12,125.62000274658203,123.72000122070312,124.44999694824219,124.69999694824219,2487300.0,112.9676284790039
2017-07-13,124.98999786376953,123.36000061035156,124.62000274658203,123.9000015258789,1793600.0,112.2428970336914
2017-07-14,124.9000015258789,123.95999908447266,124.19000244140625,124.51000213623047,1205900.0,112.79550170898438
2017-07-17,125.20999908447266,123.73999786376953,124.36000061035156,124.69000244140625,1186000.0,112.95858001708984
2017-07-18,125.3499984741211,124.1500015258789,124.80999755859375,124.56999969482422,1053200.0,112.849853515625
2017-07-19,124.91000366210938,123.75,124.33000183105469,123.94999694824219,1745100.0,112.28817749023438
2017-07-20,124.66000366210938,123.6500015258789,124.30999755859375,123.70999908447266,1521000.0,112.07077026367188
2017-07-21,125.30999755859375,123.0,123.37999725341797,125.27999877929688,1879000.0,113.49305725097656
2017-07-24,125.38999938964844,123.75,125.29000091552734,123.80999755859375,1728100.0,112.1613540649414
2017-07-25,124.9000015258789,122.0999984741211,123.44999694824219,124.68000030517578,2192400.0,112.94950866699219
2017-07-26,124.63999938964844,121.83999633789062,124.58999633789062,122.23999786376953,2400200.0,110.73908233642578
2017-07-27,124.20999908447266,120.95999908447266,122.37999725341797,124.20999908447266,2733000.0,112.52372741699219
2017-07-28,124.1500015258789,121.31999969482422,124.08000183105469,122.44999694824219,2226800.0,110.92931365966797
2017-07-31,124.0199966430664,122.4800033569336,122.4800033569336,123.16000366210938,2298500.0,111.57252502441406
2017-08-01,123.7300033569336,121.52999877929688,123.16000366210938,121.69000244140625,1664600.0,110.24082946777344
2017-08-02,121.9800033569336,120.79000091552734,121.45999908447266,121.36000061035156,1511900.0,109.9418716430664
2017-08-03,122.33999633789062,121.11000061035156,121.3499984741211,121.68000030517578,1441500.0,110.23177337646484
2017-08-04,121.91000366210938,120.93000030517578,121.29000091552734,121.31999969482422,1046800.0,109.9056396484375
2017-08-07,121.80000305175781,120.77999877929688,121.31999969482422,121.41999816894531,1063900.0,109.99623107910156
2017-08-08,121.79000091552734,120.93000030517578,121.2300033569336,121.44000244140625,1612300.0,110.01433563232422
2017-08-09,121.8499984741211,120.95999908447266,121.44000244140625,121.61000061035156,1461900.0,110.1683578491211
2017-08-10,121.62000274658203,121.06999969482422,121.44999694824219,121.06999969482422,1362000.0,109.67916870117188
2017-08-11,121.5999984741211,120.54000091552734,121.5999984741211,120.63999938964844,1074100.0,109.28961181640625
2017-08-14,121.75,120.63999938964844,121.04000091552734,121.69000244140625,923400.0,110.24082946777344
2017-08-15,122.58999633789062,121.44999694824219,121.69999694824219,122.2300033569336,1114100.0,110.73001861572266
2017-08-16,122.77999877929688,121.9000015258789,122.18000030517578,122.33000183105469,1005400.0,110.82062530517578
2017-08-17,123.83000183105469,122.12000274658203,122.22000122070312,122.27999877929688,1358800.0,110.77531433105469
2017-08-18,122.2699966430664,121.33999633789062,122.19000244140625,121.38999938964844,1085900.0,109.96905517578125
2017-08-21,122.80000305175781,121.30000305175781,121.58000183105469,122.68000030517578,1103700.0,111.13768768310547
2017-08-22,122.9800033569336,122.11000061035156,122.61000061035156,122.43000030517578,855200.0,110.91120147705078
2017-08-23,122.75,121.43000030517578,122.31999969482422,122.2699966430664,911700.0,110.7662582397461
2017-08-24,122.48999786376953,120.95999908447266,122.36000061035156,120.98999786376953,1170900.0,109.606689453125
2017-08-25,122.2300033569336,121.06999969482422,121.06999969482422,121.5199966430664,997400.0,110.0868148803711
2017-08-28,122.41999816894531,121.41000366210938,121.87999725341797,122.37000274658203,1127000.0,110.85684204101562
2017-08-29,122.98999786376953,122.20999908447266,122.23999786376953,122.37999725341797,1693100.0,110.86590576171875
2017-08-30,122.41000366210938,121.33999633789062,122.05000305175781,122.30000305175781,1089800.0,110.79344940185547
2017-08-31,123.41999816894531,121.83000183105469,122.41000366210938,123.29000091552734,1520500.0,111.69029235839844
2017-09-01,124.1500015258789,123.01000213623047,123.5,123.20999908447266,1073500.0,111.61781311035156
2017-09-05,123.11000061035156,121.7699966430664,122.76000213623047,122.91000366210938,1297400.0,111.3460464477539
2017-09-06,123.33999633789062,120.02999877929688,122.97000122070312,120.30999755859375,2521100.0,108.99067687988281
2017-09-07,119.9800033569336,118.36000061035156,119.91000366210938,119.61000061035156,1888400.0,109.23725128173828
2017-09-08,119.16999816894531,117.48999786376953,118.75,118.12999725341797,1813000.0,107.88558197021484
2017-09-11,119.72000122070312,118.1500015258789,118.62000274658203,119.5999984741211,1832300.0,109.22810363769531
2017-09-12,120.7699966430664,119.38999938964844,119.6500015258789,120.5999984741211,1631800.0,110.14138793945312
2017-09-13,121.20999908447266,119.80999755859375,120.5999984741211,119.9800033569336,1437300.0,109.57516479492188
2017-09-14,120.97000122070312,119.91000366210938,120.0,120.83000183105469,1206500.0,110.35144805908203
2017-09-15,121.23999786376953,120.0,120.70999908447266,121.0999984741211,2548500.0,110.59803009033203
2017-09-18,122.0999984741211,120.79000091552734,121.1500015258789,121.87000274658203,1005700.0,111.3012466430664
2017-09-19,122.25,121.31999969482422,122.08000183105469,121.76000213623047,1130100.0,111.20079040527344
2017-09-20,122.12999725341797,119.30000305175781,121.87999725341797,120.16000366210938,1996600.0,109.73954772949219
2017-09-21,120.47000122070312,117.93000030517578,120.0199966430664,118.12000274658203,1454400.0,107.87645721435547
2017-09-22,118.76000213623047,117.16999816894531,118.20999908447266,117.5199966430664,1547000.0,107.3284912109375
2017-09-25,118.08000183105469,117.27999877929688,117.87999725341797,117.48999786376953,1548700.0,107.30107879638672
2017-09-26,117.9800033569336,117.26000213623047,117.69999694824219,117.68000030517578,1147200.0,107.47462463378906
2017-09-27,117.69000244140625,115.91000366210938,117.44999694824219,116.51000213623047,2109500.0,106.40607452392578
2017-09-28,117.30999755859375,115.9800033569336,116.27999877929688,116.95999908447266,1372300.0,106.81706237792969
2017-09-29,117.7300033569336,116.6500015258789,116.8499984741211,117.68000030517578,1665300.0,107.47462463378906
2017-10-02,118.12000274658203,116.87000274658203,117.80000305175781,116.97000122070312,1454300.0,106.826171875
2017-10-03,117.5,115.55000305175781,117.2699966430664,115.58000183105469,1765800.0,105.55672454833984
2017-10-04,117.62999725341797,115.30000305175781,115.38999938964844,117.19000244140625,1670700.0,107.0271224975586
2017-10-05,118.63999938964844,117.19999694824219,117.19999694824219,117.47000122070312,1528400.0,107.28282165527344
2017-10-06,117.80000305175781,115.16999816894531,117.37000274658203,115.38999938964844,3332300.0,105.38319396972656
2017-10-09,116.7699966430664,114.68000030517578,115.66999816894531,115.48999786376953,2659300.0,105.47453308105469
2017-10-10,116.8499984741211,115.1500015258789,115.9000015258789,116.44999694824219,1654800.0,106.35128021240234
2017-10-11,118.29000091552734,116.91999816894531,117.08999633789062,117.83999633789062,1963200.0,107.62073516845703
2017-10-12,118.16999816894531,116.63999938964844,117.91999816894531,117.55999755859375,1870800.0,107.3650131225586
2017-10-13,118.7699966430664,117.51000213623047,117.77999877929688,118.55999755859375,1310700.0,108.2782974243164
2017-10-16,118.8499984741211,117.94999694824219,118.55000305175781,118.22000122070312,1216100.0,107.96778106689453
2017-10-17,118.33000183105469,116.79000091552734,118.08000183105469,118.27999877929688,1579500.0,108.0225830078125
2017-10-18,118.72000122070312,116.66999816894531,118.72000122070312,117.30000305175781,1688700.0,107.12757873535156
2017-10-19,116.80000305175781,115.44000244140625,116.79000091552734,115.55000305175781,2112900.0,105.52932739257812
2017-10-20,114.08000183105469,110.33000183105469,113.58999633789062,113.44000244140625,4934600.0,103.6023178100586
2017-10-23,115.83999633789062,112.1500015258789,113.5199966430664,112.52999877929688,4556800.0,102.77123260498047
2017-10-24,113.1500015258789,111.91000366210938,112.91000366210938,112.04000091552734,3063500.0,102.32373809814453
2017-10-25,113.05000305175781,111.43000030517578,112.29000091552734,112.4000015258789,3326600.0,102.65251922607422
2017-10-26,114.4000015258789,113.0199966430664,113.04000091552734,113.58999633789062,2142900.0,103.73931121826172
2017-10-27,113.13999938964844,111.48999786376953,112.9800033569336,112.41000366210938,2461300.0,102.66163635253906
2017-10-30,112.5,111.06999969482422,111.81999969482422,111.2699966430664,1923800.0,101.62049865722656
2017-10-31,112.83999633789062,111.08000183105469,111.5199966430664,112.51000213623047,2299000.0,102.75296783447266
2017-11-01,113.45999908447266,111.0999984741211,111.9000015258789,112.05000305175781,2595800.0,102.3328628540039
2017-11-02,112.45999908447266,110.5199966430664,112.05999755859375,111.55000305175781,2148600.0,101.87621307373047
2017-11-03,112.30000305175781,110.5999984741211,111.5,110.79000091552734,1900400.0,101.18212890625
2017-11-06,111.13999938964844,109.69000244140625,111.13999938964844,109.87000274658203,1982800.0,100.3419189453125
2017-11-07,112.13999938964844,109.66999816894531,109.9000015258789,111.93000030517578,2205800.0,102.22327423095703
2017-11-08,114.4000015258789,112.56999969482422,112.56999969482422,113.2300033569336,2005300.0,103.41053009033203
2017-11-09,114.12000274658203,112.75,112.91999816894531,113.29000091552734,1572400.0,103.46533203125
2017-11-10,114.45999908447266,113.04000091552734,113.05999755859375,114.13999938964844,1690800.0,104.24161529541016
2017-11-13,115.62000274658203,113.91999816894531,113.91999816894531,115.41000366210938,1751600.0,105.40148162841797
2017-11-14,115.4800033569336,114.04000091552734,115.11000061035156,114.55000305175781,1881500.0,104.61605072021484
2017-11-15,115.0,113.29000091552734,114.5199966430664,113.43000030517578,1753400.0,103.59318542480469
2017-11-16,115.33000183105469,113.62999725341797,113.80999755859375,114.9000015258789,1453800.0,104.93569946289062
2017-11-17,115.36000061035156,113.87000274658203,114.13999938964844,114.31999969482422,1488000.0,104.40599822998047
2017-11-20,115.73999786376953,114.22000122070312,114.6500015258789,115.3499984741211,2127700.0,105.34667205810547
2017-11-21,117.93000030517578,115.58000183105469,115.81999969482422,117.0,3337400.0,106.85358428955078
2017-11-22,117.0199966430664,115.66999816894531,116.54000091552734,116.05000305175781,1482700.0,105.98596954345703
2017-11-24,117.06999969482422,116.08000183105469,116.33000183105469,116.4800033569336,1013000.0,106.37867736816406
2017-11-27,117.0999984741211,116.29000091552734,116.5999984741211,116.76000213623047,1424500.0,106.63440704345703
2017-11-28,117.56999969482422,116.6500015258789,117.0,117.37999725341797,1809400.0,107.20063781738281
2017-11-29,119.75,117.04000091552734,117.20999908447266,119.13999938964844,2129000.0,108.80799865722656
2017-11-30,120.30000305175781,118.5,119.4800033569336,119.76000213623047,5125700.0,109.3742446899414
2017-12-01,120.54000091552734,118.79000091552734,119.5999984741211,120.51000213623047,2058500.0,110.05919647216797
2017-12-04,123.41999816894531,120.51000213623047,120.9000015258789,123.11000061035156,2648800.0,112.43372344970703
2017-12-05,123.7699966430664,121.75,122.08000183105469,122.8499984741211,2056700.0,112.19625854492188
2017-12-06,123.26000213623047,121.80999755859375,122.20999908447266,122.16000366210938,1931800.0,111.56612396240234
2017-12-07,121.54000091552734,119.22000122070312,121.33000183105469,119.76000213623047,1953600.0,110.24966430664062
2017-12-08,120.2300033569336,118.80999755859375,119.63999938964844,120.11000061035156,1520600.0,110.57186889648438
2017-12-11,119.0,117.45999908447266,118.94000244140625,118.48999786376953,2048900.0,109.08051300048828
2017-12-12,118.27999877929688,116.31999969482422,118.27999877929688,116.4000015258789,2040500.0,107.15648651123047
2017-12-13,118.25,116.13999938964844,116.44000244140625,117.38999938964844,2334800.0,108.06787872314453
2017-12-14,118.11000061035156,116.69999694824219,117.41000366210938,117.25,2162600.0,107.9389877319336
2017-12-15,119.25,117.7300033569336,117.7300033569336,118.51000213623047,4036000.0,109.09893035888672
2017-12-18,120.29000091552734,118.5199966430664,118.69000244140625,119.6500015258789,2563800.0,110.14839935302734
2017-12-19,121.97000122070312,119.79000091552734,120.1500015258789,120.56999969482422,2413800.0,110.99534606933594
2017-12-20,120.8499984741211,119.33999633789062,120.5,120.44999694824219,1908800.0,110.88485717773438
2017-12-21,121.19999694824219,120.12999725341797,120.4800033569336,120.27999877929688,1894200.0,110.7283706665039
2017-12-22,121.1500015258789,120.19999694824219,120.69999694824219,120.66000366210938,980600.0,111.07819366455078
2017-12-26,121.5999984741211,119.94000244140625,120.44999694824219,121.30999755859375,621800.0,111.67657470703125
2017-12-27,122.29000091552734,121.33000183105469,121.58999633789062,121.87999725341797,1139100.0,112.2013168334961
2017-12-28,122.2300033569336,119.68000030517578,121.93000030517578,120.2300033569336,1569700.0,110.68234252929688
2017-12-29,121.48999786376953,120.1500015258789,120.5999984741211,120.66000366210938,1326900.0,111.07819366455078
2018-01-02,120.98999786376953,118.94000244140625,120.80999755859375,119.06999969482422,2058700.0,109.61446380615234
2018-01-03,119.62000274658203,116.68000030517578,119.48999786376953,117.08000183105469,2496000.0,107.7824935913086
2018-01-04,119.54000091552734,117.19000244140625,117.66999816894531,118.43000030517578,2007200.0,109.02527618408203
2018-01-05,118.88999938964844,117.70999908447266,118.51000213623047,118.16999816894531,1421400.0,108.78593444824219
2018-01-08,119.55000305175781,117.97000122070312,118.01000213623047,119.43000030517578,2139900.0,109.94587707519531
2018-01-09,119.44999694824219,116.75,119.44999694824219,116.80000305175781,2322700.0,107.52472686767578
2018-01-10,116.58999633789062,112.91999816894531,116.45999908447266,114.95999908447266,2700000.0,105.8308334350586
2018-01-11,115.23999786376953,112.31999969482422,115.0,112.69999694824219,3252100.0,103.75032043457031
2018-01-12,113.69000244140625,112.0,112.87999725341797,112.9800033569336,3392600.0,104.00807189941406
2018-01-16,114.63999938964844,113.20999908447266,113.66000366210938,114.26000213623047,3243800.0,105.18643188476562
2018-01-17,117.12999725341797,114.48999786376953,114.62000274658203,116.66000366210938,2679900.0,107.39584350585938
2018-01-18,116.7699966430664,114.87999725341797,116.36000061035156,115.33999633789062,2567700.0,106.1806640625
2018-01-19,116.2699966430664,114.95999908447266,115.73999786376953,115.48999786376953,2590400.0,106.31874084472656
2018-01-22,117.06999969482422,115.06999969482422,115.19999694824219,116.91000366210938,2452100.0,107.6259994506836
2018-01-23,118.20999908447266,115.18000030517578,116.20999908447266,117.83999633789062,3630500.0,108.48212432861328
2018-01-24,120.05000305175781,116.86000061035156,117.93000030517578,119.70999908447266,5303500.0,110.20362854003906
2018-01-25,123.5,119.66999816894531,120.1500015258789,123.44000244140625,3703700.0,113.6374282836914
2018-01-26,122.5999984741211,120.3499984741211,122.5999984741211,122.2300033569336,3265000.0,112.52352142333984
2018-01-29,122.73999786376953,119.66000366210938,121.86000061035156,119.70999908447266,3037400.0,110.20362854003906
2018-01-30,119.98999786376953,118.2699966430664,119.5,118.5,2401000.0,109.08970642089844
2018-01-31,119.27999877929688,116.30999755859375,119.2300033569336,117.0,3683000.0,107.7088394165039
2018-02-01,118.08999633789062,116.4000015258789,116.8499984741211,117.9000015258789,2205100.0,108.53736114501953
2018-02-02,117.5,115.81999969482422,117.30000305175781,116.20999908447266,2614100.0,106.98157501220703
2018-02-05,117.0199966430664,111.62000274658203,116.02999877929688,111.87999725341797,3468400.0,102.99542999267578
2018-02-06,114.73999786376953,110.27999877929688,110.51000213623047,114.13999938964844,4998600.0,105.0759506225586
2018-02-07,115.0199966430664,112.25,114.12000274658203,112.36000061035156,2418900.0,103.43731689453125
2018-02-08,113.37999725341797,111.13999938964844,112.36000061035156,111.69000244140625,2809000.0,102.82051849365234
2018-02-09,112.3499984741211,109.51000213623047,112.3499984741211,111.44000244140625,3402800.0,102.59037017822266
2018-02-12,114.88999938964844,112.0,112.26000213623047,113.66999816894531,2695200.0,104.64328002929688
2018-02-13,113.9000015258789,112.45999908447266,113.18000030517578,112.66000366210938,1909700.0,103.71349334716797
2018-02-14,113.55000305175781,111.9800033569336,112.2300033569336,112.7300033569336,1678600.0,103.77792358398438
2018-02-15,115.93000030517578,112.5199966430664,113.12000274658203,115.81999969482422,2087600.0,106.62254333496094
2018-02-16,117.23999786376953,115.61000061035156,115.8499984741211,116.0999984741211,2013700.0,106.88030242919922
2018-02-20,115.51000213623047,113.44999694824219,115.51000213623047,114.44999694824219,1845600.0,105.361328125
2018-02-21,114.88999938964844,111.87999725341797,114.43000030517578,111.94000244140625,2168400.0,103.05066680908203
2018-02-22,113.94999694824219,112.12000274658203,112.38999938964844,112.80999755859375,1217100.0,103.85157775878906
2018-02-23,113.6500015258789,112.54000091552734,113.2300033569336,113.6500015258789,1290500.0,104.62487030029297
2018-02-26,114.62999725341797,113.20999908447266,113.9000015258789,114.45999908447266,1249000.0,105.37052917480469
2018-02-27,114.52999877929688,112.33999633789062,114.23999786376953,112.33999633789062,1960300.0,103.41889953613281
2018-02-28,113.4800033569336,110.87000274658203,113.23999786376953,110.91999816894531,2309600.0,102.11165618896484
2018-03-01,112.6500015258789,110.58999633789062,111.0,111.5,1830900.0,102.6456069946289
2018-03-02,112.7300033569336,111.20999908447266,111.20999908447266,112.55000305175781,1871600.0,103.61222076416016
2018-03-05,113.63999938964844,112.0199966430664,112.16000366210938,113.18000030517578,1842100.0,104.19219970703125
2018-03-06,113.48999786376953,111.02999877929688,113.12999725341797,113.05000305175781,2015200.0,104.07252502441406
2018-03-07,112.70999908447266,111.33999633789062,112.36000061035156,111.76000213623047,1263700.0,102.88494873046875
2018-03-08,112.05999755859375,110.76000213623047,110.98999786376953,112.05000305175781,1704000.0,104.0832290649414
2018-03-09,113.16000366210938,111.31999969482422,112.41999816894531,111.94000244140625,1692300.0,103.9810562133789
2018-03-12,113.70999908447266,111.6500015258789,111.80000305175781,113.05999755859375,3153000.0,105.02140808105469
2018-03-13,114.06999969482422,112.69999694824219,113.4000015258789,112.95999908447266,1572000.0,104.92852783203125
2018-03-14,113.69000244140625,110.75,113.22000122070312,111.08000183105469,2500500.0,103.18219757080078
2018-03-15,111.77999877929688,110.45999908447266,111.19999694824219,110.94000244140625,1704800.0,103.05216217041016
2018-03-16,112.29000091552734,110.9000015258789,111.37999725341797,112.0199966430664,3850100.0,104.05535888671875
2018-03-19,112.75,110.68000030517578,112.08000183105469,111.08999633789062,1434000.0,103.19149017333984
2018-03-20,111.91999816894531,109.81999969482422,111.38999938964844,110.12000274658203,1505900.0,102.29045867919922
2018-03-21,109.97000122070312,107.5999984741211,109.80999755859375,108.4000015258789,3038400.0,100.6927490234375
2018-03-22,109.30000305175781,107.41999816894531,108.13999938964844,107.4800033569336,2225400.0,99.83817291259766
2018-03-23,107.94999694824219,104.58000183105469,107.83000183105469,104.73999786376953,2961400.0,97.29298400878906
2018-03-26,106.52999877929688,105.19000244140625,105.87999725341797,105.55999755859375,2219600.0,98.05467987060547
2018-03-27,108.80000305175781,105.37000274658203,105.51000213623047,107.5,2527400.0,99.85674285888672
2018-03-28,109.97000122070312,107.72000122070312,107.9000015258789,109.45999908447266,2641800.0,101.67738342285156
2018-03-29,112.5,109.81999969482422,110.33999633789062,110.12999725341797,3391200.0,102.29975128173828
2018-04-02,110.12000274658203,106.55000305175781,109.75,107.08999633789062,1998600.0,99.47588348388672
2018-04-03,108.22000122070312,106.5,107.2699966430664,107.87999725341797,2441600.0,100.209716796875
2018-04-04,109.93000030517578,106.9800033569336,107.45999908447266,109.29000091552734,2358600.0,101.51947784423828
2018-04-05,109.91999816894531,108.08000183105469,109.3499984741211,109.41000366210938,2476700.0,101.63093566894531
2018-04-06,111.12999725341797,107.55999755859375,109.12999725341797,108.5999984741211,1832600.0,100.87853240966797
2018-04-09,109.66000366210938,107.62999725341797,108.77999877929688,108.36000061035156,1987600.0,100.65560150146484
2018-04-10,109.52999877929688,108.16999816894531,108.76000213623047,108.47000122070312,1382600.0,100.75778198242188
2018-04-11,108.73999786376953,107.38999938964844,108.01000213623047,107.79000091552734,1598600.0,100.12613677978516
2018-04-12,108.30999755859375,106.13999938964844,107.83999633789062,106.16000366210938,1512500.0,98.61202239990234
2018-04-13,106.66999816894531,105.62000274658203,106.37000274658203,105.83999633789062,1989200.0,98.31476593017578
2018-04-16,107.56999969482422,106.11000061035156,106.33999633789062,106.80999755859375,2248000.0,99.21580505371094
2018-04-17,107.19000244140625,105.5,107.06999969482422,106.5999984741211,2410800.0,99.0207290649414
2018-04-18,107.58000183105469,106.4800033569336,106.97000122070312,106.52999877929688,2768600.0,98.95570373535156
2018-04-19,105.0,102.16000366210938,104.7699966430664,103.33999633789062,4086200.0,95.99251556396484
2018-04-20,102.9800033569336,98.91999816894531,102.76000213623047,100.02999877929688,5161800.0,92.91785430908203
2018-04-23,101.66000366210938,97.52999877929688,100.2699966430664,98.5199966430664,7658100.0,91.51521301269531
2018-04-24,101.5,97.0999984741211,97.68000030517578,100.4000015258789,6222300.0,93.26155090332031
2018-04-25,103.20999908447266,100.05999755859375,100.05999755859375,102.30000305175781,4023300.0,95.0264663696289
2018-04-26,103.44000244140625,102.06999969482422,102.33999633789062,102.69000244140625,2649800.0,95.38872528076172
2018-04-27,104.87999725341797,102.3499984741211,102.4000015258789,104.51000213623047,2214600.0,97.07933807373047
2018-04-30,105.0,103.04000091552734,104.72000122070312,103.54000091552734,2979300.0,96.17829895019531
2018-05-01,103.62000274658203,102.01000213623047,102.97000122070312,103.20999908447266,2001900.0,95.87175750732422
2018-05-02,103.05999755859375,100.76000213623047,102.77999877929688,101.06999969482422,2563900.0,93.88390350341797
2018-05-03,103.27999877929688,101.0199966430664,101.23999786376953,102.3499984741211,1959800.0,95.07290649414062
2018-05-04,104.19000244140625,102.23999786376953,102.45999908447266,103.7300033569336,1521100.0,96.35478973388672
2018-05-07,104.23999786376953,102.48999786376953,104.06999969482422,103.16000366210938,1437800.0,95.82530975341797
2018-05-08,103.5999984741211,101.70999908447266,103.18000030517578,101.8499984741211,1832000.0,94.60845184326172
2018-05-09,103.43000030517578,101.62000274658203,102.54000091552734,103.05999755859375,1511000.0,95.73241424560547
2018-05-10,104.30000305175781,103.16999816894531,103.16999816894531,103.83000183105469,1232600.0,96.44767761230469
2018-05-11,105.2699966430664,103.73999786376953,104.16000366210938,104.9000015258789,2677300.0,97.44160461425781
2018-05-14,105.0999984741211,104.13999938964844,104.9800033569336,104.80000305175781,1455700.0,97.34870910644531
2018-05-15,104.54000091552734,102.62000274658203,104.05999755859375,104.0,2170200.0,96.6055908203125
2018-05-16,105.05000305175781,103.87999725341797,104.08999633789062,104.88999938964844,1675800.0,97.43230438232422
2018-05-17,105.55999755859375,104.22000122070312,105.0,104.87000274658203,1784700.0,97.41373443603516
2018-05-18,104.87999725341797,103.08999633789062,104.87999725341797,103.66999816894531,2499500.0,96.29905700683594
2018-05-21,104.7699966430664,103.48999786376953,104.12999725341797,104.72000122070312,2081800.0,97.27440643310547
2018-05-22,105.91999816894531,104.11000061035156,104.7699966430664,104.77999877929688,1749400.0,97.33013153076172
2018-05-23,104.94999694824219,104.11000061035156,104.70999908447266,104.55000305175781,1856400.0,97.11648559570312
2018-05-24,104.8499984741211,103.66000366210938,104.58000183105469,104.36000061035156,1562600.0,96.94000244140625
2018-05-25,105.93000030517578,104.05999755859375,104.30000305175781,105.45999908447266,1758300.0,97.96178436279297
2018-05-29,106.18000030517578,104.47000122070312,104.95999908447266,104.83000183105469,2011400.0,97.37657165527344
2018-05-30,105.91999816894531,103.62999725341797,105.0,105.41999816894531,2165400.0,97.92462921142578
2018-05-31,105.02999877929688,100.31999969482422,105.02999877929688,100.8499984741211,6930200.0,93.67955780029297
2018-06-01,101.95999908447266,100.44000244140625,101.5199966430664,100.87000274658203,1853300.0,93.6981430053711
2018-06-04,101.7300033569336,101.0,101.05999755859375,101.3499984741211,1423800.0,94.14399719238281
2018-06-05,101.80000305175781,100.43000030517578,101.80000305175781,100.80999755859375,1425500.0,93.64240264892578
2018-06-06,101.12999725341797,99.72000122070312,100.97000122070312,100.75,2044800.0,93.586669921875
2018-06-07,102.62999725341797,99.62999725341797,99.83000183105469,101.81999969482422,3113800.0,95.52875518798828
2018-06-08,103.41000366210938,101.68000030517578,101.76000213623047,103.2699966430664,1799200.0,96.88916015625
2018-06-11,104.05000305175781,103.05000305175781,103.16999816894531,103.63999938964844,2223700.0,97.23629760742188
2018-06-12,103.91999816894531,102.29000091552734,103.75,103.52999877929688,1982700.0,97.13310241699219
2018-06-13,104.08000183105469,102.76000213623047,103.86000061035156,102.88999938964844,1942300.0,96.53265380859375
2018-06-14,102.9800033569336,101.58999633789062,102.76000213623047,102.04000091552734,2381900.0,95.73516845703125
2018-06-15,103.62000274658203,101.73999786376953,102.08999633789062,103.44000244140625,3448800.0,97.04867553710938
2018-06-18,103.18000030517578,100.19999694824219,102.8499984741211,100.73999786376953,2222500.0,94.51548767089844
2018-06-19,102.83999633789062,100.38999938964844,100.58000183105469,102.33999633789062,2225300.0,96.0166244506836
2018-06-20,102.33000183105469,101.05000305175781,102.12000274658203,101.6500015258789,1787200.0,95.36927032470703
2018-06-21,101.58999633789062,99.36000061035156,100.48999786376953,100.13999938964844,2918300.0,93.95256805419922
2018-06-22,102.01000213623047,100.0,100.0999984741211,100.97000122070312,2224900.0,94.73127746582031
2018-06-25,104.12000274658203,100.73999786376953,100.73999786376953,103.87999725341797,2535300.0,97.46148681640625
2018-06-26,104.12000274658203,101.77999877929688,103.88999938964844,103.31999969482422,2068200.0,96.93607330322266
2018-06-27,104.31999969482422,101.83999633789062,103.05999755859375,103.4000015258789,2237300.0,97.01113891601562
2018-06-28,104.94999694824219,103.19000244140625,103.38999938964844,104.52999877929688,2178100.0,98.07132720947266
2018-06-29,106.12000274658203,103.91999816894531,104.47000122070312,105.33999633789062,2044500.0,98.8312759399414
2018-07-02,105.37999725341797,104.19000244140625,104.75,104.97000122070312,1653200.0,98.484130859375
2018-07-03,105.76000213623047,104.37000274658203,105.6500015258789,104.5999984741211,1201200.0,98.13699340820312
2018-07-05,106.87000274658203,104.94999694824219,105.25,106.7699966430664,2661300.0,100.17290496826172
2018-07-06,107.58999633789062,106.4000015258789,106.87999725341797,106.8499984741211,1990900.0,100.24797058105469
2018-07-09,106.79000091552734,105.0,106.27999877929688,105.1500015258789,1747500.0,98.65301513671875
2018-07-10,105.25,103.16999816894531,105.1500015258789,104.76000213623047,2978900.0,98.287109375
2018-07-11,105.58000183105469,104.5,104.83999633789062,105.12000274658203,1895000.0,98.62486267089844
2018-07-12,105.79000091552734,104.61000061035156,105.44000244140625,105.12999725341797,2023300.0,98.63423919677734
2018-07-13,106.69999694824219,104.75,104.93000030517578,105.62000274658203,1947200.0,99.0939712524414
2018-07-16,105.94000244140625,104.61000061035156,105.68000030517578,105.4000015258789,1669100.0,98.8875732421875
2018-07-17,106.56999969482422,105.37000274658203,105.41999816894531,106.47000122070312,1669500.0,99.89144897460938
2018-07-18,105.9000015258789,103.80000305175781,105.88999938964844,103.9000015258789,2088900.0,97.4802474975586
2018-07-19,104.05000305175781,102.1500015258789,103.0,103.55000305175781,4612100.0,97.15188598632812
2018-07-20,105.30000305175781,103.20999908447266,103.45999908447266,104.68000030517578,2120300.0,98.21205139160156
2018-07-23,105.51000213623047,103.8499984741211,104.80000305175781,105.44000244140625,3735900.0,98.92509460449219
2018-07-24,106.19999694824219,103.0,103.2300033569336,106.16000366210938,4215200.0,99.60061645507812
2018-07-25,106.83000183105469,105.4800033569336,106.06999969482422,106.36000061035156,2457300.0,99.78824615478516
2018-07-26,108.69999694824219,106.44999694824219,106.7300033569336,108.05999755859375,2379300.0,101.38320922851562
2018-07-27,109.19000244140625,107.02999877929688,107.56999969482422,108.04000091552734,2207200.0,101.36444091796875
2018-07-30,108.38999938964844,107.1500015258789,107.38999938964844,108.01000213623047,2099500.0,101.3363037109375
2018-07-31,114.69999694824219,108.12000274658203,108.12000274658203,113.86000061035156,6699000.0,106.82484436035156
2018-08-01,113.44000244140625,111.37000274658203,113.44000244140625,112.33999633789062,4284300.0,105.39875793457031
2018-08-02,115.44000244140625,112.38999938964844,112.43000030517578,115.37000274658203,2880100.0,108.24153900146484
2018-08-03,119.48999786376953,115.5,115.5,116.69999694824219,3247200.0,109.48936462402344
2018-08-06,117.47000122070312,115.9000015258789,116.06999969482422,116.5999984741211,2160100.0,109.39553833007812
2018-08-07,116.0999984741211,113.63999938964844,116.01000213623047,114.0,1733700.0,106.95618438720703
2018-08-08,113.93000030517578,112.08999633789062,113.66999816894531,112.12999725341797,1703300.0,105.20172882080078
2018-08-09,112.54000091552734,111.1500015258789,111.94999694824219,111.20999908447266,1601900.0,104.33857727050781
2018-08-10,111.5999984741211,109.87999725341797,110.83999633789062,110.08999633789062,2372700.0,103.28777313232422
2018-08-13,111.44999694824219,109.19000244140625,110.52999877929688,111.02999877929688,3184400.0,104.1697006225586
2018-08-14,111.80999755859375,110.75,111.11000061035156,111.12999725341797,1478300.0,104.26351165771484
2018-08-15,116.72000122070312,110.41999816894531,110.7699966430664,116.45999908447266,6018500.0,109.26419830322266
2018-08-16,118.6500015258789,115.95999908447266,117.25,118.26000213623047,3645400.0,110.95297241210938
2018-08-17,119.75,117.87000274658203,118.05000305175781,119.55999755859375,3429800.0,112.17264556884766
2018-08-20,120.4800033569336,117.87000274658203,119.7699966430664,118.11000061035156,2211300.0,110.81224060058594
2018-08-21,118.0,115.95999908447266,117.87000274658203,116.94000244140625,2175900.0,109.71453094482422
2018-08-22,116.94000244140625,115.72000122070312,116.94000244140625,115.94000244140625,1283200.0,108.77632904052734
2018-08-23,116.5999984741211,115.05000305175781,115.72000122070312,116.19000244140625,1119800.0,109.01087951660156
2018-08-24,116.8499984741211,115.62999725341797,116.06999969482422,116.33999633789062,1198700.0,109.15160369873047
2018-08-27,116.94999694824219,114.91000366210938,116.66000366210938,115.2300033569336,1335900.0,108.11019134521484
2018-08-28,116.44999694824219,115.05999755859375,115.70999908447266,115.30999755859375,1217500.0,108.18524169921875
2018-08-29,116.13999938964844,115.04000091552734,115.58999633789062,115.12000274658203,1924700.0,108.0069808959961
2018-08-30,115.4800033569336,113.87999725341797,115.0,114.37999725341797,2841900.0,107.31271362304688
2018-08-31,115.75,114.19999694824219,114.62999725341797,115.54000091552734,1679000.0,108.40103912353516
2018-09-04,115.25,113.36000061035156,115.05999755859375,113.68000030517578,1902000.0,106.65596008300781
2018-09-05,116.86000061035156,113.16999816894531,113.18000030517578,116.69000244140625,3171900.0,109.47997283935547
2018-09-06,116.62999725341797,114.11000061035156,114.91000366210938,116.05000305175781,2511000.0,109.8206558227539
2018-09-07,115.83999633789062,114.94000244140625,115.51000213623047,115.47000122070312,1312500.0,109.27178192138672
2018-09-10,116.6500015258789,115.56999969482422,116.05999755859375,115.69999694824219,1152700.0,109.48943328857422
2018-09-11,115.80999755859375,115.0,115.58999633789062,115.1500015258789,967400.0,108.96896362304688
2018-09-12,116.5,114.52999877929688,115.05999755859375,116.30999755859375,1104100.0,110.06669616699219
2018-09-13,116.20999908447266,114.91000366210938,116.20999908447266,116.05000305175781,1358200.0,109.8206558227539
2018-09-14,116.52999877929688,115.19000244140625,116.18000030517578,116.44999694824219,1175300.0,110.19917297363281
2018-09-17,117.2699966430664,115.55000305175781,116.44999694824219,117.08999633789062,1394100.0,110.80481719970703
2018-09-18,117.56999969482422,116.12000274658203,117.56999969482422,117.06999969482422,1525600.0,110.78590393066406
2018-09-19,117.37999725341797,115.87999725341797,117.04000091552734,116.1500015258789,889200.0,109.91529083251953
2018-09-20,116.91999816894531,115.77999877929688,115.83999633789062,116.7699966430664,1166600.0,110.50199890136719
2018-09-21,117.41999816894531,116.58999633789062,117.13999938964844,116.72000122070312,2131900.0,110.4546890258789
2018-09-24,116.4800033569336,113.91000366210938,116.33999633789062,113.9800033569336,1817900.0,107.86177825927734
2018-09-25,114.63999938964844,112.37000274658203,114.63999938964844,112.51000213623047,1507400.0,106.4706802368164
2018-09-26,114.05000305175781,112.30000305175781,112.77999877929688,113.06999969482422,1231900.0,107.0006103515625
2018-09-27,114.25,112.54000091552734,113.04000091552734,112.91999816894531,1062000.0,106.8586654663086
2018-09-28,113.66000366210938,112.62999725341797,112.62999725341797,113.63999938964844,1865600.0,107.5400161743164
2018-10-01,114.27999877929688,113.0,113.75,113.5999984741211,1130300.0,107.5021743774414
2018-10-02,114.72000122070312,113.36000061035156,113.66999816894531,114.61000061035156,1433600.0,108.45795440673828
2018-10-03,115.8499984741211,112.36000061035156,115.37000274658203,112.54000091552734,2107300.0,106.49906921386719
2018-10-04,112.55999755859375,110.73999786376953,111.56999969482422,112.38999938964844,1838700.0,106.35710906982422
2018-10-05,114.13999938964844,112.55999755859375,112.55999755859375,113.44999694824219,2227900.0,107.3602066040039
2018-10-08,114.87000274658203,111.87999725341797,111.94999694824219,114.2699966430664,1451000.0,108.13618469238281
2018-10-09,115.58999633789062,113.87999725341797,114.37999725341797,114.11000061035156,1481500.0,107.98478698730469
2018-10-10,115.19000244140625,111.0,111.69000244140625,112.94000244140625,2526800.0,106.87760162353516
2018-10-11,113.91000366210938,108.05000305175781,113.12999725341797,108.12999725341797,3433300.0,102.3257827758789
2018-10-12,109.56999969482422,107.5199966430664,108.8499984741211,109.13999938964844,2237100.0,103.28157043457031
2018-10-15,111.38999938964844,108.94999694824219,109.08999633789062,110.29000091552734,1389800.0,104.36984252929688
2018-10-16,110.63999938964844,109.55999755859375,110.41999816894531,110.06999969482422,1529100.0,104.16165161132812
2018-10-17,110.27999877929688,107.69999694824219,109.51000213623047,108.81999969482422,2733400.0,102.97874450683594
2018-10-18,110.01000213623047,108.37999725341797,108.91000366210938,109.4800033569336,1856500.0,103.60331726074219
2018-10-19,113.33000183105469,110.12999725341797,112.05999755859375,110.2300033569336,4250700.0,104.31306457519531
2018-10-22,112.4000015258789,104.86000061035156,111.12999725341797,106.4000015258789,4258300.0,100.68865203857422
2018-10-23,105.83000183105469,103.72000122070312,105.38999938964844,104.13999938964844,4400100.0,98.54995727539062
2018-10-24,107.7300033569336,104.30999755859375,104.43000030517578,105.20999908447266,3426400.0,99.56253051757812
2018-10-25,106.68000030517578,104.30000305175781,105.47000122070312,104.56999969482422,2931500.0,98.95687866210938
2018-10-26,104.2699966430664,100.31999969482422,103.9000015258789,102.30999755859375,3785900.0,96.81819152832031
2018-10-29,103.80000305175781,101.27999877929688,102.8499984741211,102.30000305175781,2380400.0,96.8087387084961
2018-10-30,106.55000305175781,103.01000213623047,103.08999633789062,106.2300033569336,2894400.0,100.52777099609375
2018-10-31,106.0,103.41999816894531,105.80999755859375,104.30000305175781,2501300.0,98.70137786865234
2018-11-01,106.22000122070312,104.11000061035156,104.11000061035156,106.02999877929688,1828700.0,100.33850860595703
2018-11-02,106.86000061035156,104.52999877929688,106.66000366210938,105.4800033569336,1666900.0,99.81804656982422
2018-11-05,107.1500015258789,105.20999908447266,105.8499984741211,106.87000274658203,1567800.0,101.1334228515625
2018-11-06,107.55999755859375,106.36000061035156,106.55000305175781,106.9800033569336,1632400.0,101.23751831054688
2018-11-07,107.6500015258789,106.0,107.22000122070312,107.48999786376953,1639300.0,101.72013854980469
2018-11-08,107.80000305175781,106.44000244140625,107.16999816894531,107.20999908447266,1187700.0,101.45516204833984
2018-11-09,109.7699966430664,107.4000015258789,107.68000030517578,109.44999694824219,2234200.0,103.57493591308594
2018-11-12,111.27999877929688,109.20999908447266,109.37999725341797,110.37999725341797,2141500.0,104.45500946044922
2018-11-13,111.27999877929688,109.19999694824219,110.37000274658203,109.97000122070312,1423200.0,104.0670166015625
2018-11-14,111.88999938964844,109.95999908447266,110.0199966430664,110.9800033569336,1452400.0,105.02281188964844
2018-11-15,110.94000244140625,109.41000366210938,110.66000366210938,110.79000091552734,1610200.0,104.84300231933594
2018-11-16,112.16999816894531,110.33999633789062,111.1500015258789,111.2699966430664,1394900.0,105.2972412109375
2018-11-19,112.4800033569336,109.83999633789062,110.80000305175781,110.44999694824219,1672100.0,104.52124786376953
2018-11-20,112.69999694824219,110.08000183105469,110.86000061035156,111.5999984741211,1790300.0,105.6095199584961
2018-11-21,111.97000122070312,110.29000091552734,111.30000305175781,110.66999816894531,1432100.0,104.72943878173828
2018-11-23,113.81999969482422,110.4000015258789,110.83999633789062,112.81999969482422,1111000.0,106.76403045654297
2018-11-26,113.26000213623047,111.5,112.62999725341797,113.0199966430664,1865200.0,106.95330810546875
2018-11-27,115.58999633789062,113.0199966430664,113.06999969482422,115.44999694824219,2311700.0,109.25286865234375
2018-11-28,115.79000091552734,113.77999877929688,115.05999755859375,114.02999877929688,1921100.0,107.90907287597656
2018-11-29,115.37999725341797,113.6500015258789,114.05000305175781,114.94999694824219,1329000.0,108.77970123291016
2018-11-30,115.56999969482422,114.19999694824219,114.56999969482422,115.37000274658203,2237000.0,109.17716217041016
2018-12-03,115.41000366210938,112.1500015258789,115.41000366210938,113.19000244140625,2177900.0,107.11417388916016
2018-12-04,114.27999877929688,112.08999633789062,113.83000183105469,112.51000213623047,2532000.0,106.4706802368164
2018-12-06,112.95999908447266,110.16000366210938,111.44999694824219,112.91000366210938,2123100.0,107.80741882324219
2018-12-07,113.83999633789062,112.38999938964844,113.04000091552734,113.5,2327100.0,108.3707504272461
2018-12-10,114.05999755859375,111.2699966430664,113.86000061035156,113.69000244140625,2570700.0,108.55216217041016
2018-12-11,116.23999786376953,113.8499984741211,113.95999908447266,115.76000213623047,2033500.0,110.52861022949219
2018-12-12,116.27999877929688,113.61000061035156,115.73999786376953,113.91999816894531,2667400.0,108.77176666259766
2018-12-13,118.58000183105469,114.23999786376953,114.69999694824219,118.4000015258789,2746000.0,113.04930877685547
2018-12-14,118.38999938964844,116.62999725341797,117.94000244140625,117.41999816894531,2226200.0,112.11359405517578
2018-12-17,117.91999816894531,113.45999908447266,117.33999633789062,114.18000030517578,1742400.0,109.02001953125
2018-12-18,115.87000274658203,112.66000366210938,114.56999969482422,113.44000244140625,1711900.0,108.31346130371094
2018-12-19,116.16999816894531,112.94999694824219,113.58999633789062,113.87999725341797,2855600.0,108.73357391357422
2018-12-20,114.87000274658203,112.5,113.87999725341797,114.06999969482422,3202800.0,108.91499328613281
2018-12-21,117.05000305175781,112.2300033569336,113.6500015258789,115.94999694824219,5489600.0,110.71001434326172
2018-12-24,115.18000030517578,106.83999633789062,115.18000030517578,106.8499984741211,2668900.0,102.02127075195312
2018-12-26,110.7699966430664,106.58999633789062,107.62000274658203,110.75,2265500.0,105.74502563476562
2018-12-27,112.93000030517578,108.5,110.08999633789062,112.87000274658203,1922800.0,107.76921844482422
2018-12-28,114.86000061035156,112.33999633789062,113.25,113.20999908447266,1695700.0,108.0938491821289
2018-12-31,114.29000091552734,112.06999969482422,113.44000244140625,113.94000244140625,1876200.0,108.79086303710938
2019-01-02,113.05000305175781,111.01000213623047,112.80000305175781,111.79000091552734,2634400.0,106.738037109375
2019-01-03,112.7699966430664,110.20999908447266,111.2699966430664,110.63999938964844,3264800.0,105.6399917602539
2019-01-04,112.36000061035156,109.7300033569336,110.80999755859375,111.87999725341797,2257400.0,106.82395935058594
2019-01-07,114.08999633789062,111.8499984741211,112.08000183105469,113.38999938964844,1729700.0,108.26571655273438
2019-01-08,115.18000030517578,112.5999984741211,114.3499984741211,114.94999694824219,2753800.0,109.75521850585938
2019-01-09,115.47000122070312,113.45999908447266,114.94000244140625,114.01000213623047,1982200.0,108.85770416259766
2019-01-10,116.7300033569336,113.62999725341797,114.22000122070312,116.66000366210938,2358400.0,111.387939453125
2019-01-11,117.26000213623047,116.19000244140625,116.83000183105469,117.19999694824219,1688900.0,111.9035415649414
2019-01-14,116.94999694824219,115.51000213623047,116.33999633789062,116.25,3143400.0,110.99647521972656
2019-01-15,117.62999725341797,116.0,116.2300033569336,116.69999694824219,2000800.0,111.42613220214844
2019-01-16,116.93000030517578,114.48999786376953,116.19000244140625,114.73999786376953,2878700.0,109.55471801757812
2019-01-17,114.97000122070312,113.4000015258789,114.58000183105469,114.37000274658203,2400100.0,109.20143127441406
2019-01-18,117.97000122070312,116.1500015258789,116.55000305175781,116.87000274658203,2683200.0,111.58846282958984
2019-01-22,117.11000061035156,114.0199966430664,116.87999725341797,115.2300033569336,2886400.0,110.02256774902344
2019-01-23,114.51000213623047,109.41000366210938,111.06999969482422,112.1500015258789,4922000.0,107.08175659179688
2019-01-24,112.75,110.68000030517578,112.12000274658203,111.44000244140625,3128000.0,106.40383911132812
2019-01-25,112.22000122070312,108.06999969482422,111.43000030517578,108.12000274658203,3053800.0,103.23388671875
2019-01-28,109.51000213623047,107.77999877929688,108.0,108.05000305175781,2571400.0,103.16705322265625
2019-01-29,109.08000183105469,107.44000244140625,108.2300033569336,108.1500015258789,2460200.0,103.26252746582031
2019-01-30,108.97000122070312,107.48999786376953,108.52999877929688,107.87000274658203,2305300.0,102.99517822265625
2019-01-31,111.83000183105469,107.62999725341797,107.69000244140625,111.37999725341797,4330900.0,106.34654998779297
2019-02-01,112.5199966430664,111.31999969482422,111.58999633789062,111.73999786376953,2203000.0,106.69027709960938
2019-02-04,112.79000091552734,111.83999633789062,112.0999984741211,112.7699966430664,1895000.0,107.6737289428711
2019-02-05,112.95999908447266,111.51000213623047,112.7300033569336,112.22000122070312,2021900.0,107.14859771728516
2019-02-06,114.36000061035156,111.58999633789062,111.9800033569336,114.16000366210938,2173200.0,109.00092315673828
2019-02-07,114.0999984741211,112.55999755859375,113.83999633789062,113.36000061035156,1735800.0,108.23706817626953
2019-02-08,115.70999908447266,113.05999755859375,113.2699966430664,115.69000244140625,2204600.0,110.46178436279297
2019-02-11,116.83000183105469,115.5,115.5,116.79000091552734,1955200.0,111.51206970214844
2019-02-12,117.19000244140625,115.68000030517578,117.0,116.0,2118900.0,110.75777435302734
2019-02-13,116.69999694824219,115.69999694824219,115.7300033569336,116.08999633789062,1765400.0,110.84370422363281
2019-02-14,117.4800033569336,115.01000213623047,115.55000305175781,116.8499984741211,1511900.0,111.56935119628906
2019-02-15,118.73999786376953,117.05999755859375,117.48999786376953,118.44000244140625,1854000.0,113.08750915527344
2019-02-19,119.88999938964844,117.72000122070312,118.41000366210938,119.56999969482422,1964800.0,114.16642761230469
2019-02-20,119.77999877929688,118.19000244140625,119.61000061035156,118.58000183105469,2270900.0,113.2211685180664
2019-02-21,119.8499984741211,117.88999938964844,118.62999725341797,119.7300033569336,1540300.0,114.31920623779297
2019-02-22,119.61000061035156,117.94000244140625,118.87000274658203,119.0999984741211,1571600.0,113.7176742553711
2019-02-25,119.55000305175781,117.43000030517578,119.55000305175781,117.77999877929688,1696200.0,112.45732879638672
2019-02-26,118.30000305175781,117.5199966430664,117.97000122070312,117.7699966430664,1192700.0,112.4477767944336
2019-02-27,117.70999908447266,116.55000305175781,117.1500015258789,116.66999816894531,1349800.0,111.39749145507812
2019-02-28,117.19999694824219,116.22000122070312,116.87999725341797,116.83000183105469,1663600.0,111.55026245117188
2019-03-01,117.0,115.06999969482422,116.83000183105469,115.68000030517578,1790700.0,110.45222473144531
2019-03-04,116.69000244140625,115.12999725341797,116.0999984741211,116.44000244140625,1644300.0,111.17788696289062
2019-03-05,117.38999938964844,116.3499984741211,116.6500015258789,116.68000030517578,1389100.0,111.40703582763672
2019-03-06,116.5,115.41999816894531,116.43000030517578,116.12999725341797,1139600.0,110.88189697265625
2019-03-07,116.69999694824219,114.62000274658203,115.5,115.18000030517578,1456500.0,110.9589614868164
2019-03-08,115.94999694824219,114.91999816894531,115.01000213623047,115.87999725341797,1255300.0,111.63330078125
2019-03-11,117.6500015258789,115.70999908447266,115.93000030517578,117.58999633789062,1248000.0,113.2806396484375
2019-03-12,118.62000274658203,117.51000213623047,117.6500015258789,117.77999877929688,1021700.0,113.46366882324219
2019-03-13,118.7699966430664,117.70999908447266,118.01000213623047,118.47000122070312,1043400.0,114.1283950805664
2019-03-14,119.19000244140625,118.04000091552734,118.66000366210938,118.44999694824219,1296700.0,114.10912322998047
2019-03-15,120.25,118.26000213623047,118.26000213623047,120.19000244140625,2872100.0,115.78535461425781
2019-03-18,120.37999725341797,119.12000274658203,119.91000366210938,119.56999969482422,988800.0,115.18806457519531
2019-03-19,120.06999969482422,119.05999755859375,119.5,119.94000244140625,1387100.0,115.54452514648438
2019-03-20,120.26000213623047,118.51000213623047,120.26000213623047,119.56999969482422,1487800.0,115.18806457519531
2019-03-21,121.5999984741211,119.31999969482422,119.31999969482422,121.45999908447266,1220700.0,117.00880432128906
2019-03-22,122.88999938964844,120.98999786376953,121.4000015258789,122.05000305175781,1393400.0,117.57719421386719
2019-03-25,122.37999725341797,121.43000030517578,122.0,121.91000366210938,1555300.0,117.44232177734375
2019-03-26,124.0999984741211,122.22000122070312,122.27999877929688,123.08000183105469,1064000.0,118.56945037841797
2019-03-27,123.37000274658203,122.19000244140625,122.61000061035156,123.3499984741211,1245800.0,118.82955169677734
2019-03-28,124.5,123.58999633789062,123.80000305175781,123.88999938964844,999100.0,119.34976196289062
2019-03-29,124.29000091552734,123.05000305175781,123.83999633789062,123.9000015258789,1872300.0,119.35939025878906
2019-04-01,123.94999694824219,121.51000213623047,123.79000091552734,122.7699966430664,1776200.0,118.27080535888672
2019-04-02,123.23999786376953,122.06999969482422,122.51000213623047,122.6500015258789,1167400.0,118.15519714355469
2019-04-03,122.41999816894531,121.0,122.36000061035156,121.7699966430664,1115200.0,117.30745697021484
2019-04-04,122.30000305175781,121.6500015258789,122.16000366210938,121.98999786376953,673400.0,117.51939392089844
2019-04-05,122.19999694824219,120.97000122070312,121.80000305175781,121.91999816894531,1259400.0,117.45195007324219
2019-04-08,121.91000366210938,121.12999725341797,121.61000061035156,121.63999938964844,1171100.0,117.18221282958984
2019-04-09,121.62999725341797,120.7699966430664,121.33999633789062,121.33999633789062,1314300.0,116.89320373535156
2019-04-10,121.88999938964844,121.11000061035156,121.11000061035156,121.66000366210938,895600.0,117.20149230957031
2019-04-11,122.69999694824219,121.45999908447266,122.37000274658203,122.56999969482422,1307000.0,118.07813262939453
2019-04-12,123.26000213623047,122.04000091552734,122.5999984741211,123.18000030517578,928000.0,118.66577911376953
2019-04-15,123.48999786376953,122.72000122070312,123.06999969482422,123.0,1004600.0,118.49237823486328
2019-04-16,123.5,121.94999694824219,123.3499984741211,123.31999969482422,1225100.0,118.80065155029297
2019-04-17,123.86000061035156,122.91999816894531,123.4000015258789,123.44999694824219,1174500.0,118.9258804321289
2019-04-18,124.76000213623047,122.41000366210938,123.69000244140625,123.55000305175781,1405000.0,119.02222442626953
2019-04-22,132.47000122070312,127.93000030517578,127.93000030517578,130.25,6569300.0,125.4766845703125
2019-04-23,130.5,125.41000366210938,130.0,125.62000274658203,5403900.0,121.016357421875
2019-04-24,125.73999786376953,124.37000274658203,125.55999755859375,124.4000015258789,2602200.0,119.84107208251953
2019-04-25,124.33000183105469,122.81999969482422,123.66000366210938,124.01000213623047,1875300.0,119.4653549194336
2019-04-26,125.73999786376953,124.25,124.62999725341797,125.73999786376953,1722100.0,121.13196563720703
2019-04-29,126.18000030517578,124.88999938964844,125.36000061035156,125.25,1124300.0,120.65992736816406
2019-04-30,128.55999755859375,125.31999969482422,125.4000015258789,128.3800048828125,1934200.0,123.67521667480469
2019-05-01,128.25,125.47000122070312,127.9000015258789,125.47000122070312,1526800.0,120.87185668945312
2019-05-02,127.33999633789062,125.04000091552734,125.41999816894531,127.26000213623047,1013800.0,122.59626007080078
2019-05-03,127.70999908447266,126.91999816894531,127.22000122070312,127.5,1073900.0,122.82746124267578
2019-05-06,128.30999755859375,126.16000366210938,127.02999877929688,127.9000015258789,1821000.0,123.21281433105469
2019-05-07,128.25999450683594,125.38999938964844,127.22000122070312,126.18000030517578,1174300.0,121.55583190917969
2019-05-08,127.76000213623047,125.5199966430664,126.26000213623047,126.88999938964844,1047100.0,122.23982238769531
2019-05-09,127.19999694824219,125.70999908447266,127.0199966430664,126.4000015258789,1184200.0,121.76778411865234
2019-05-10,127.69000244140625,125.18000030517578,125.91000366210938,127.44000244140625,942100.0,122.76966094970703
2019-05-13,128.38999938964844,126.0,126.37000274658203,128.02000427246094,1538500.0,123.32840728759766
2019-05-14,128.9499969482422,127.0,127.61000061035156,127.55000305175781,1272300.0,122.8756332397461
2019-05-15,128.8800048828125,127.30999755859375,128.0,128.6699981689453,1138200.0,123.95458221435547
2019-05-16,129.58999633789062,128.0800018310547,129.0,128.72000122070312,1248100.0,124.00275421142578
2019-05-17,129.60000610351562,127.81999969482422,128.11000061035156,128.92999267578125,1028100.0,124.2050552368164
2019-05-20,130.60000610351562,128.52000427246094,128.8000030517578,130.11000061035156,1495100.0,125.34181213378906
2019-05-21,130.6199951171875,129.75,130.3300018310547,130.0800018310547,1427600.0,125.31291198730469
2019-05-22,131.4600067138672,129.8800048828125,130.52000427246094,130.97999572753906,1049600.0,126.179931640625
2019-05-23,131.3699951171875,130.05999755859375,130.5,130.91000366210938,1187400.0,126.11250305175781
2019-05-24,131.75,130.52999877929688,131.02000427246094,130.6300048828125,871900.0,125.8427734375
2019-05-28,131.69000244140625,128.4499969482422,130.9199981689453,128.6199951171875,1720900.0,123.90641021728516
2019-05-29,128.72000122070312,127.52999877929688,128.69000244140625,128.4199981689453,1243400.0,123.7137451171875
2019-05-30,130.64999389648438,128.47999572753906,128.6999969482422,130.22000122070312,889300.0,125.44779968261719
2019-05-31,129.9199981689453,127.76000213623047,129.9199981689453,127.88999938964844,1474900.0,123.20317077636719
2019-06-03,131.1199951171875,128.0,128.41000366210938,131.02999877929688,1793700.0,126.22810363769531
2019-06-04,132.25,130.82000732421875,131.19000244140625,131.42999267578125,2108000.0,126.61343383789062
2019-06-05,133.99000549316406,131.08999633789062,131.88999938964844,133.5,1504700.0,128.60757446289062
2019-06-06,134.10000610351562,132.55999755859375,132.8000030517578,133.5800018310547,1193500.0,129.6852264404297
2019-06-07,135.77999877929688,134.0,134.25,134.91000366210938,1813600.0,130.9764404296875
2019-06-10,135.00999450683594,133.44000244140625,134.9499969482422,134.7100067138672,899000.0,130.7822723388672
2019-06-11,135.7100067138672,134.0399932861328,134.6999969482422,134.61000061035156,1148300.0,130.6851806640625
2019-06-12,136.5,135.05999755859375,135.67999267578125,136.30999755859375,1244900.0,132.33563232421875
2019-06-13,137.38999938964844,135.75,136.5800018310547,137.32000732421875,1464900.0,133.31617736816406
2019-06-14,138.4199981689453,136.92999267578125,137.32000732421875,137.64999389648438,1374700.0,133.63653564453125
2019-06-17,137.89999389648438,136.00999450683594,137.47000122070312,137.1999969482422,2083200.0,133.1996612548828
2019-06-18,138.97999572753906,134.99000549316406,138.44000244140625,136.0800018310547,1780100.0,132.11231994628906
2019-06-19,136.24000549316406,134.19000244140625,135.80999755859375,135.8800048828125,2401000.0,131.9181671142578
2019-06-20,136.8699951171875,135.27999877929688,136.42999267578125,136.30999755859375,1853000.0,132.33563232421875
2019-06-21,136.7899932861328,135.11000061035156,136.67999267578125,135.58999633789062,2792500.0,131.6365966796875
2019-06-24,137.97999572753906,136.10000610351562,136.47999572753906,137.7899932861328,1468400.0,133.7724609375
2019-06-25,137.8800048828125,136.66000366210938,137.3699951171875,136.8300018310547,1212800.0,132.84046936035156
2019-06-26,136.38999938964844,133.27000427246094,136.36000061035156,133.41000366210938,1306200.0,129.5201873779297
2019-06-27,134.64999389648438,133.22000122070312,133.52999877929688,133.9199981689453,1286700.0,130.01528930664062
2019-06-28,135.22000122070312,133.27999877929688,134.3300018310547,133.27999877929688,5526900.0,129.3939666748047
2019-07-01,135.67999267578125,133.5500030517578,134.22000122070312,135.4199981689453,1950000.0,131.47157287597656
2019-07-02,136.60000610351562,135.0500030517578,135.35000610351562,136.07000732421875,1182600.0,132.1026153564453
2019-07-03,138.64999389648438,137.02000427246094,137.10000610351562,138.35000610351562,1358900.0,134.31614685058594
2019-07-05,138.0,135.61000061035156,137.83999633789062,137.05999755859375,872500.0,133.0637664794922
2019-07-08,138.69000244140625,136.92999267578125,136.92999267578125,138.49000549316406,1443800.0,134.45205688476562
2019-07-09,138.24000549316406,135.9600067138672,138.24000549316406,136.8699951171875,1175700.0,132.87930297851562
2019-07-10,138.75,137.24000549316406,137.5,137.8000030517578,1291000.0,133.7821807861328
2019-07-11,137.91000366210938,136.16000366210938,137.75,137.4199981689453,921700.0,133.4132537841797
2019-07-12,138.89999389648438,137.49000549316406,138.0,138.75999450683594,1079100.0,134.7141571044922
2019-07-15,139.64999389648438,138.30999755859375,138.9499969482422,139.25,975200.0,135.1898956298828
2019-07-16,140.6199951171875,138.36000061035156,139.77999877929688,138.52000427246094,1421700.0,134.48118591308594
2019-07-17,138.67999267578125,137.36000061035156,138.66000366210938,138.02999877929688,1604400.0,134.00546264648438
2019-07-18,137.61000061035156,136.4199981689453,137.10000610351562,137.5399932861328,2152600.0,133.52975463867188
2019-07-19,138.11000061035156,135.63999938964844,137.99000549316406,135.74000549316406,1496900.0,131.78224182128906
2019-07-22,136.22999572753906,133.7100067138672,135.91000366210938,134.25999450683594,2559300.0,130.34536743164062
2019-07-23,137.38999938964844,133.02999877929688,136.5,135.0500030517578,4423100.0,131.1123504638672
2019-07-24,136.58999633789062,134.00999450683594,135.97999572753906,134.64999389648438,1833800.0,130.72401428222656
2019-07-25,136.36000061035156,133.25,133.80999755859375,135.38999938964844,1518300.0,131.44244384765625
2019-07-26,137.5399932861328,134.75999450683594,135.7899932861328,137.1699981689453,1834300.0,133.17054748535156
2019-07-29,139.0,137.3000030517578,137.64999389648438,138.25,1186300.0,134.21905517578125
2019-07-30,140.0,137.9600067138672,138.6199951171875,138.3000030517578,1493100.0,134.26759338378906
2019-07-31,138.32000732421875,134.14999389648438,137.99000549316406,135.64999389648438,1838700.0,131.69485473632812
2019-08-01,137.11000061035156,134.6199951171875,135.16000366210938,135.24000549316406,1480900.0,131.2968292236328
2019-08-02,136.94000244140625,134.72000122070312,135.4499969482422,135.8699951171875,1407800.0,131.908447265625
2019-08-05,136.3000030517578,132.75,135.8000030517578,133.6300048828125,1614000.0,129.7337646484375
2019-08-06,135.08999633789062,132.9199981689453,133.64999389648438,134.52000427246094,1498400.0,130.59780883789062
2019-08-07,137.0500030517578,132.32000732421875,134.05999755859375,136.1300048828125,1751900.0,132.16087341308594
2019-08-08,138.8800048828125,135.80999755859375,136.42999267578125,138.5399932861328,1329800.0,134.5006103515625
2019-08-09,139.75,137.14999389648438,138.92999267578125,138.3699951171875,1380900.0,134.33554077148438
2019-08-12,139.6300048828125,137.67999267578125,138.36000061035156,138.1300048828125,798700.0,134.1025390625
2019-08-13,140.64999389648438,137.72999572753906,138.41000366210938,139.4199981689453,2010700.0,135.3549346923828
2019-08-14,140.6199951171875,136.57000732421875,138.3699951171875,136.7100067138672,1888500.0,132.7239532470703
2019-08-15,139.9499969482422,137.27000427246094,137.67999267578125,139.27000427246094,1307600.0,135.2093048095703
2019-08-16,141.7100067138672,139.8800048828125,140.02000427246094,140.72000122070312,1660500.0,136.61703491210938
2019-08-19,143.16000366210938,140.7899932861328,140.9499969482422,142.74000549316406,1678200.0,138.578125
2019-08-20,143.11000061035156,139.92999267578125,143.10000610351562,140.14999389648438,2087600.0,136.06365966796875
2019-08-21,142.32000732421875,140.6699981689453,140.9600067138672,141.91000366210938,1144300.0,137.7723388671875
2019-08-22,142.80999755859375,141.02000427246094,142.2100067138672,141.77999877929688,989200.0,137.64613342285156
2019-08-23,142.05999755859375,137.57000732421875,141.52000427246094,138.41000366210938,1427500.0,134.37440490722656
2019-08-26,140.82000732421875,138.91000366210938,139.38999938964844,140.25,1111500.0,136.16075134277344
2019-08-27,141.5800018310547,140.33999633789062,141.17999267578125,141.13999938964844,1346500.0,137.02479553222656
2019-08-28,142.1699981689453,140.60000610351562,141.17999267578125,141.9499969482422,860400.0,137.81117248535156
2019-08-29,142.99000549316406,140.42999267578125,142.7899932861328,141.83999633789062,1057800.0,137.70437622070312
2019-08-30,142.57000732421875,140.5800018310547,142.5399932861328,141.11000061035156,1316700.0,136.99566650390625
2019-09-03,141.85000610351562,139.69000244140625,141.02000427246094,141.50999450683594,1526900.0,137.3839874267578
2019-09-04,142.72000122070312,141.5399932861328,141.75999450683594,142.67999267578125,1295100.0,138.51986694335938
2019-09-05,142.66000366210938,139.27999877929688,141.75,139.47999572753906,2360100.0,136.39784240722656
2019-09-06,140.0399932861328,137.3800048828125,139.6699981689453,138.0500030517578,2134500.0,134.9994354248047
2019-09-09,138.86000061035156,132.05999755859375,138.86000061035156,133.27000427246094,3430900.0,130.3250732421875
2019-09-10,132.4199981689453,130.5399932861328,132.1199951171875,131.14999389648438,3040400.0,128.2519073486328
2019-09-11,131.9600067138672,129.2100067138672,131.0399932861328,131.91000366210938,2624700.0,128.99513244628906
2019-09-12,134.72000122070312,132.39999389648438,132.8300018310547,133.5800018310547,1728600.0,130.6282196044922
2019-09-13,133.8699951171875,131.8000030517578,132.08999633789062,132.41000366210938,1672000.0,129.48406982421875
2019-09-16,131.92999267578125,128.2899932861328,131.5399932861328,128.77999877929688,2265600.0,125.93428039550781
2019-09-17,132.07000732421875,128.66000366210938,128.66000366210938,131.9199981689453,1925700.0,129.00489807128906
2019-09-18,133.3300018310547,131.58999633789062,132.44000244140625,133.08999633789062,1547900.0,130.14903259277344
2019-09-19,134.94000244140625,133.0399932861328,133.33999633789062,134.1199951171875,1501400.0,131.15628051757812
2019-09-20,135.3300018310547,134.0,134.55999755859375,135.0399932861328,2773500.0,132.05593872070312
2019-09-23,137.6999969482422,136.00999450683594,136.91000366210938,136.8300018310547,2271100.0,133.806396484375
2019-09-24,138.8300018310547,136.6300048828125,137.47999572753906,137.8000030517578,1518800.0,134.75497436523438
2019-09-25,138.88999938964844,136.88999938964844,137.9499969482422,137.5800018310547,1894100.0,134.53982543945312
2019-09-26,140.33999633789062,137.97000122070312,138.13999938964844,140.11000061035156,1684000.0,137.013916015625
2019-09-27,142.38999938964844,140.8000030517578,142.02999877929688,142.05999755859375,1546000.0,138.9208221435547
2019-09-30,143.5,141.5399932861328,141.6199951171875,142.0500030517578,1399800.0,138.91104125976562
2019-10-01,142.33999633789062,140.1999969482422,141.6699981689453,141.66000366210938,1169600.0,138.5296630859375
2019-10-02,142.33999633789062,137.89999389648438,141.50999450683594,139.7899932861328,1864000.0,136.7009735107422
2019-10-03,140.72000122070312,138.8300018310547,140.1199951171875,139.72000122070312,1098900.0,136.63253784179688
2019-10-04,141.6199951171875,139.75,139.75,141.60000610351562,1294500.0,138.47100830078125
2019-10-07,141.72999572753906,140.02000427246094,141.49000549316406,140.16000366210938,1212500.0,137.0628204345703
2019-10-08,140.1300048828125,136.99000549316406,139.72999572753906,137.11000061035156,1593200.0,134.08021545410156
2019-10-09,138.13999938964844,136.3699951171875,137.7100067138672,137.35000610351562,1409400.0,134.31491088867188
2019-10-10,138.5,136.38999938964844,136.9199981689453,137.88999938964844,1140500.0,134.8429718017578
2019-10-11,138.58999633789062,137.02000427246094,137.74000549316406,137.6300048828125,1154600.0,134.58872985839844
2019-10-14,137.89999389648438,134.58999633789062,137.89999389648438,135.10000610351562,1275600.0,132.11463928222656
2019-10-15,135.77999877929688,133.1300048828125,135.55999755859375,133.8699951171875,1621500.0,130.9117889404297
2019-10-16,134.72999572753906,133.11000061035156,134.25999450683594,134.6999969482422,1513900.0,131.7234649658203
2019-10-17,135.89999389648438,134.63999938964844,134.63999938964844,135.6199951171875,1082000.0,132.6231231689453
2019-10-18,137.77999877929688,134.4600067138672,135.4600067138672,137.22000122070312,1765800.0,134.1877899169922
2019-10-21,139.5500030517578,136.67999267578125,136.99000549316406,139.19000244140625,2447100.0,136.11424255371094
2019-10-22,137.25,129.3800048828125,137.0,129.3800048828125,4576800.0,126.52102661132812
2019-10-23,134.61000061035156,129.91000366210938,130.55999755859375,134.2899932861328,2992700.0,131.32252502441406
2019-10-24,136.07000732421875,134.50999450683594,134.6999969482422,135.19000244140625,1761100.0,132.20263671875
2019-10-25,136.22999572753906,134.17999267578125,135.1999969482422,134.1999969482422,1891900.0,131.23451232910156
2019-10-28,135.0,131.25,134.42999267578125,131.8800048828125,1940600.0,128.96578979492188
2019-10-29,133.64999389648438,131.07000732421875,131.69000244140625,132.94000244140625,1252300.0,130.0023651123047
2019-10-30,134.83999633789062,132.6199951171875,134.1999969482422,133.6699981689453,1122200.0,130.71621704101562
2019-10-31,134.0500030517578,132.07000732421875,133.32000732421875,132.8800048828125,1477900.0,129.94369506835938
2019-11-01,133.67999267578125,131.6300048828125,132.91000366210938,132.0399932861328,1008400.0,129.1222381591797
2019-11-04,132.57000732421875,129.00999450683594,131.89999389648438,129.36000061035156,1697800.0,126.50146484375
2019-11-05,131.0500030517578,129.19000244140625,129.30999755859375,130.3699951171875,1557600.0,127.4891357421875
2019-11-06,132.4199981689453,130.8300018310547,130.97999572753906,131.72000122070312,1602300.0,128.80931091308594
2019-11-07,132.35000610351562,130.8000030517578,131.58999633789062,131.75999450683594,1224600.0,128.84841918945312
2019-11-08,133.0399932861328,130.63999938964844,131.7899932861328,131.4600067138672,1092500.0,128.5550537109375
2019-11-11,132.1199951171875,130.8800048828125,131.47999572753906,131.1999969482422,610400.0,128.30079650878906
2019-11-12,132.0800018310547,130.88999938964844,131.25999450683594,131.35000610351562,1271100.0,128.44749450683594
2019-11-13,133.16000366210938,131.75,131.92999267578125,132.4199981689453,1164600.0,129.49383544921875
2019-11-14,133.42999267578125,131.94000244140625,132.1699981689453,132.38999938964844,936400.0,129.46450805664062
2019-11-15,132.24000549316406,131.1999969482422,131.74000549316406,131.6300048828125,1190300.0,128.72129821777344
2019-11-18,134.38999938964844,131.42999267578125,131.42999267578125,132.52000427246094,1810900.0,129.5916290283203
2019-11-19,133.11000061035156,132.14999389648438,132.6300048828125,132.94000244140625,1697900.0,130.0023651123047
2019-11-20,134.85000610351562,132.89999389648438,133.3000030517578,134.60000610351562,1200100.0,131.6256866455078
2019-11-21,134.89999389648438,133.13999938964844,134.3000030517578,133.36000061035156,1148800.0,130.4130859375
2019-11-22,134.57000732421875,131.8000030517578,133.6300048828125,133.52999877929688,1136900.0,130.57931518554688
2019-11-25,134.19000244140625,132.6199951171875,134.16000366210938,133.35000610351562,1382000.0,130.40330505371094
2019-11-26,134.61000061035156,133.00999450683594,133.74000549316406,134.57000732421875,2000600.0,131.59632873535156
2019-11-27,136.52999877929688,134.72999572753906,134.72999572753906,136.25999450683594,1179800.0,133.24899291992188
2019-11-29,136.75999450683594,135.83999633789062,136.52999877929688,136.33999633789062,1107400.0,133.3272247314453
2019-12-02,137.25999450683594,135.57000732421875,136.02000427246094,136.3000030517578,1523100.0,133.28811645507812
2019-12-03,136.72000122070312,135.16000366210938,136.0399932861328,136.02999877929688,1280800.0,133.02407836914062
2019-12-04,137.61000061035156,135.42999267578125,135.52999877929688,137.49000549316406,1502800.0,134.45181274414062
2019-12-05,136.6699981689453,135.85000610351562,136.22000122070312,136.52000427246094,1689700.0,134.5109405517578
2019-12-06,138.32000732421875,136.67999267578125,136.67999267578125,136.97999572753906,1046700.0,134.9641571044922
2019-12-09,137.2899932861328,136.02000427246094,137.00999450683594,136.97999572753906,1617300.0,134.9641571044922
2019-12-10,137.2100067138672,135.97000122070312,136.9600067138672,136.1199951171875,976700.0,134.11680603027344
2019-12-11,137.4199981689453,136.07000732421875,136.13999938964844,136.89999389648438,1324400.0,134.8853302001953
2019-12-12,137.49000549316406,135.63999938964844,137.17999267578125,135.9199981689453,1011100.0,133.91976928710938
2019-12-13,136.67999267578125,134.89999389648438,135.27999877929688,135.94000244140625,1168100.0,133.93946838378906
2019-12-16,137.11000061035156,135.72999572753906,136.49000549316406,135.82000732421875,2118900.0,133.8212432861328
2019-12-17,135.8699951171875,134.58999633789062,135.4499969482422,135.2100067138672,1132700.0,133.22023010253906
2019-12-18,136.0,134.6199951171875,135.24000549316406,135.19000244140625,1057700.0,133.20050048828125
2019-12-19,136.8000030517578,135.02999877929688,135.55999755859375,136.74000549316406,1139100.0,134.7277069091797
2019-12-20,138.66000366210938,136.50999450683594,137.3699951171875,138.00999450683594,2433800.0,135.97900390625
2019-12-23,138.33999633789062,136.75999450683594,137.80999755859375,136.97000122070312,1310900.0,134.95431518554688
2019-12-24,137.52999877929688,136.4600067138672,136.8000030517578,137.22999572753906,342000.0,135.21047973632812
2019-12-26,137.7899932861328,136.8699951171875,137.10000610351562,137.22999572753906,889600.0,135.21047973632812
2019-12-27,138.2100067138672,137.27000427246094,137.5,138.07000732421875,1121300.0,136.0381317138672
2019-12-30,137.80999755859375,136.3000030517578,137.7899932861328,136.88999938964844,729800.0,134.87548828125
2019-12-31,137.66000366210938,135.9600067138672,137.0,137.5500030517578,972500.0,135.52578735351562
2020-01-02,137.57000732421875,135.00999450683594,137.39999389648438,135.8300018310547,1421300.0,133.83108520507812
2020-01-03,136.77000427246094,134.6199951171875,134.97999572753906,135.7899932861328,1352900.0,133.7916717529297
2020-01-06,136.47999572753906,135.3300018310547,135.83999633789062,136.08999633789062,1181300.0,134.08724975585938
2020-01-07,136.72999572753906,135.2899932861328,135.49000549316406,135.97000122070312,1608500.0,133.96902465820312
2020-01-08,138.05999755859375,135.92999267578125,136.35000610351562,137.2899932861328,1741300.0,135.26959228515625
2020-01-09,139.58999633789062,136.9199981689453,137.5500030517578,139.4600067138672,1727500.0,137.4076690673828
2020-01-10,140.77999877929688,138.64999389648438,139.2899932861328,140.22999572753906,1270000.0,138.1663360595703
2020-01-13,141.5800018310547,140.10000610351562,140.27000427246094,140.89999389648438,1216100.0,138.8264617919922
2020-01-14,141.0500030517578,140.16000366210938,140.80999755859375,140.99000549316406,2187500.0,138.9151611328125
2020-01-15,142.4499969482422,141.1699981689453,141.1699981689453,142.16000366210938,1245100.0,140.06793212890625
2020-01-16,143.42999267578125,142.22000122070312,142.4600067138672,143.42999267578125,1610800.0,141.31922912597656
2020-01-17,144.74000549316406,143.41000366210938,143.52000427246094,144.5,1640000.0,142.3734893798828
2020-01-21,144.83999633789062,143.05999755859375,144.60000610351562,144.58999633789062,1493600.0,142.46217346191406
2020-01-22,145.82000732421875,144.33999633789062,144.88999938964844,144.38999938964844,2088200.0,142.26510620117188
2020-01-23,149.22999572753906,138.3000030517578,140.11000061035156,144.64999389648438,3703300.0,142.52127075195312
2020-01-24,146.60000610351562,143.1199951171875,145.50999450683594,143.4199981689453,2107600.0,141.30938720703125
2020-01-27,145.0800018310547,142.11000061035156,142.8699951171875,143.9600067138672,2425900.0,141.84144592285156
2020-01-28,145.4600067138672,143.97000122070312,144.1300048828125,144.88999938964844,1203300.0,142.75775146484375
2020-01-29,145.1699981689453,143.0,144.83999633789062,143.1999969482422,1107800.0,141.09262084960938
2020-01-30,144.8300018310547,142.8800048828125,143.38999938964844,144.6300048828125,990300.0,142.5015869140625
2020-01-31,147.66000366210938,143.1999969482422,145.14999389648438,143.24000549316406,1712000.0,141.1320343017578
2020-02-03,144.55999755859375,143.13999938964844,143.6999969482422,143.77999877929688,1240200.0,141.66409301757812
2020-02-04,145.47000122070312,143.11000061035156,144.2100067138672,143.3800048828125,1334600.0,141.2699737548828
2020-02-05,145.08999633789062,143.24000549316406,143.5399932861328,145.07000732421875,1214300.0,142.93511962890625
2020-02-06,146.0800018310547,144.50999450683594,145.16000366210938,144.52999877929688,1063400.0,142.40304565429688
2020-02-07,145.22999572753906,144.42999267578125,144.72999572753906,144.82000732421875,1005200.0,142.6887969970703
2020-02-10,146.52999877929688,145.00999450683594,145.07000732421875,146.2100067138672,1241700.0,144.058349609375
2020-02-11,146.64999389648438,144.86000061035156,146.05999755859375,145.25,1070700.0,143.11245727539062
2020-02-12,145.22999572753906,143.89999389648438,144.5399932861328,144.2899932861328,954200.0,142.1665802001953
2020-02-13,145.58999633789062,144.17999267578125,144.49000549316406,144.74000549316406,1100100.0,142.60997009277344
2020-02-14,145.6300048828125,144.25999450683594,144.8800048828125,145.55999755859375,941400.0,143.4178924560547
2020-02-18,145.0800018310547,143.52000427246094,144.97000122070312,143.83999633789062,1381800.0,141.72320556640625
2020-02-19,144.99000549316406,143.3800048828125,143.8800048828125,143.77000427246094,1047800.0,141.6542510986328
2020-02-20,143.85000610351562,141.82000732421875,143.3699951171875,142.1699981689453,1364300.0,140.07777404785156
2020-02-21,142.61000061035156,141.1199951171875,141.63999938964844,141.35000610351562,1562200.0,139.2698516845703
2020-02-24,142.0,139.67999267578125,140.72999572753906,140.1199951171875,2669800.0,138.05795288085938
2020-02-25,141.38999938964844,138.63999938964844,139.9499969482422,138.97999572753906,1387500.0,136.93472290039062
2020-02-26,141.3699951171875,137.8699951171875,139.25,138.25999450683594,1703300.0,136.22532653808594
2020-02-27,139.25999450683594,133.9499969482422,137.64999389648438,134.00999450683594,2804200.0,132.03785705566406
2020-02-28,132.63999938964844,126.86000061035156,131.11000061035156,131.19000244140625,4069200.0,129.25936889648438
2020-03-02,141.17999267578125,132.1300048828125,132.1300048828125,141.10000610351562,3094700.0,139.02354431152344
2020-03-03,143.74000549316406,138.2100067138672,141.66000366210938,140.7899932861328,2939600.0,138.71807861328125
2020-03-04,149.10000610351562,142.92999267578125,143.3300018310547,148.25,3070500.0,146.0683135986328
2020-03-05,146.97999572753906,141.85000610351562,144.55999755859375,143.30999755859375,2588300.0,142.2275390625
2020-03-06,147.33999633789062,138.63999938964844,139.13999938964844,146.4600067138672,3375700.0,145.353759765625
2020-03-09,147.52999877929688,138.9499969482422,139.60000610351562,141.32000732421875,3688100.0,140.25257873535156
2020-03-10,144.22999572753906,134.52999877929688,143.4199981689453,141.02000427246094,3858200.0,139.954833984375
2020-03-11,139.2899932861328,131.83999633789062,138.0,134.16000366210938,2985600.0,133.1466522216797
2020-03-12,131.63999938964844,121.77999877929688,127.08000183105469,122.30999755859375,3817000.0,121.38615417480469
2020-03-13,134.9499969482422,125.2300033569336,127.91999816894531,134.17999267578125,4477400.0,133.16648864746094
2020-03-16,139.67999267578125,122.29000091552734,122.29000091552734,134.7100067138672,4316200.0,133.6925048828125
2020-03-17,146.85000610351562,133.55999755859375,137.4199981689453,144.07000732421875,5317100.0,142.9818115234375
2020-03-18,145.00999450683594,132.1699981689453,138.83999633789062,134.35000610351562,4329400.0,133.33522033691406
2020-03-19,136.57000732421875,123.55999755859375,135.77999877929688,126.41000366210938,4362300.0,125.45519256591797
2020-03-20,127.43000030517578,117.6500015258789,125.86000061035156,118.27999877929688,3866100.0,117.3865966796875
2020-03-23,121.7699966430664,111.1500015258789,117.97000122070312,112.33999633789062,3541000.0,111.49146270751953
2020-03-24,118.12999725341797,110.66000366210938,116.2300033569336,117.37999725341797,3076800.0,116.49339294433594
2020-03-25,121.69000244140625,113.61000061035156,117.58999633789062,116.36000061035156,3060600.0,115.4811019897461
2020-03-26,124.66000366210938,116.68000030517578,117.19999694824219,124.01000213623047,3381700.0,123.07331848144531
2020-03-27,129.88999938964844,121.54000091552734,122.01000213623047,124.88999938964844,2288300.0,123.94667053222656
2020-03-30,132.9600067138672,126.36000061035156,128.9600067138672,132.42999267578125,2413500.0,131.42971801757812
2020-03-31,132.16000366210938,127.27999877929688,131.27000427246094,127.87000274658203,2394600.0,126.90416717529297
2020-04-01,126.7699966430664,122.76000213623047,124.87999725341797,125.66000366210938,1951000.0,124.71086120605469
2020-04-02,130.27000427246094,124.19000244140625,124.43000030517578,129.27999877929688,2494100.0,128.3035125732422
2020-04-03,131.39999389648438,127.20999908447266,128.61000061035156,129.9199981689453,1398400.0,128.9386749267578
2020-04-06,134.33999633789062,129.64999389648438,132.30999755859375,133.14999389648438,2270100.0,132.14427185058594
2020-04-07,135.44000244140625,130.9199981689453,134.92999267578125,131.38999938964844,2132700.0,130.39756774902344
2020-04-08,133.39999389648438,130.4499969482422,132.75999450683594,132.63999938964844,1929800.0,131.6381378173828
2020-04-09,136.3300018310547,130.52000427246094,132.1699981689453,131.49000549316406,2256900.0,130.496826171875
2020-04-13,133.52000427246094,130.35000610351562,131.14999389648438,132.7100067138672,1858100.0,131.70761108398438
2020-04-14,140.6300048828125,135.22000122070312,136.22999572753906,140.08999633789062,2554000.0,139.0318603515625
2020-04-15,140.0,136.74000549316406,138.7100067138672,137.6699981689453,1857200.0,136.63014221191406
2020-04-16,140.6199951171875,136.91000366210938,138.7899932861328,139.72999572753906,1577000.0,138.67457580566406
2020-04-17,142.07000732421875,137.25999450683594,140.72000122070312,141.94000244140625,1949200.0,140.86788940429688
2020-04-20,141.44000244140625,139.30999755859375,141.1199951171875,139.72000122070312,1814600.0,138.66465759277344
2020-04-21,140.82000732421875,137.67999267578125,137.94000244140625,139.47000122070312,2020200.0,138.4165496826172
2020-04-22,143.33999633789062,137.3000030517578,140.9499969482422,142.8000030517578,3091100.0,141.7213897705078
2020-04-23,144.60000610351562,139.61000061035156,142.6999969482422,140.36000061035156,2415000.0,139.29981994628906
2020-04-24,141.9499969482422,139.47999572753906,140.17999267578125,141.66000366210938,1511900.0,140.5900115966797
2020-04-27,142.25,139.77000427246094,142.02000427246094,140.36000061035156,1318900.0,139.29981994628906
2020-04-28,141.86000061035156,138.77000427246094,141.10000610351562,141.0,1513800.0,139.9349822998047
2020-04-29,140.6300048828125,137.52999877929688,140.41000366210938,138.9600067138672,2495800.0,137.910400390625
2020-04-30,140.27999877929688,137.60000610351562,138.8000030517578,138.47999572753906,3357900.0,137.43402099609375
2020-05-01,139.5500030517578,136.1699981689453,137.97999572753906,136.77999877929688,1454200.0,135.74685668945312
2020-05-04,137.60000610351562,135.4499969482422,137.27000427246094,135.72999572753906,2393300.0,134.7047882080078
2020-05-05,138.50999450683594,135.6999969482422,136.2100067138672,137.1300048828125,1992300.0,136.09422302246094
2020-05-06,137.72999572753906,134.5500030517578,137.00999450683594,134.77000427246094,1729100.0,133.75204467773438
2020-05-07,138.27000427246094,135.92999267578125,136.36000061035156,136.6999969482422,1861600.0,135.66746520996094
2020-05-08,139.08999633789062,137.42999267578125,138.7899932861328,138.50999450683594,1138100.0,137.4637908935547
2020-05-11,139.60000610351562,137.5500030517578,138.4499969482422,138.57000732421875,1428700.0,137.52334594726562
2020-05-12,139.8699951171875,137.52000427246094,139.0,137.82000732421875,1231900.0,136.7790069580078
2020-05-13,139.47999572753906,136.5,137.4499969482422,137.00999450683594,1398600.0,135.97511291503906
2020-05-14,137.66000366210938,134.22000122070312,136.94000244140625,136.58999633789062,1396200.0,135.55828857421875
2020-05-15,138.6999969482422,135.94000244140625,136.64999389648438,138.63999938964844,1928100.0,137.5928192138672
2020-05-18,139.63999938964844,136.30999755859375,139.1699981689453,137.72999572753906,1740600.0,136.68968200683594
2020-05-19,137.1699981689453,135.1199951171875,136.75,135.27000427246094,1104900.0,134.24827575683594
2020-05-20,137.4499969482422,134.25,135.67999267578125,136.85000610351562,1523300.0,135.81634521484375
2020-05-21,137.92999267578125,135.80999755859375,136.72999572753906,137.4600067138672,1597500.0,136.42173767089844
2020-05-22,140.24000549316406,136.33999633789062,137.3699951171875,139.74000549316406,1442500.0,138.68450927734375
2020-05-26,140.91000366210938,135.77000427246094,140.36000061035156,136.0,2003200.0,134.97274780273438
2020-05-27,138.42999267578125,134.52999877929688,136.17999267578125,138.4199981689453,1904200.0,137.3744659423828
2020-05-28,141.3699951171875,138.8000030517578,139.8000030517578,140.8000030517578,1961600.0,139.7364959716797
2020-05-29,141.80999755859375,139.57000732421875,141.02000427246094,141.44000244140625,1945500.0,140.37167358398438
2020-06-01,142.69000244140625,140.64999389648438,141.5,141.27999877929688,846400.0,140.21287536621094
2020-06-02,142.08999633789062,140.1999969482422,140.64999389648438,142.0500030517578,1215700.0,140.97706604003906
2020-06-03,143.36000061035156,141.33999633789062,143.36000061035156,141.66000366210938,1417800.0,140.5900115966797
2020-06-04,140.77999877929688,137.4199981689453,140.05999755859375,137.72000122070312,1515600.0,137.72000122070312
2020-06-05,140.6699981689453,135.4499969482422,137.88999938964844,139.27999877929688,2427300.0,139.27999877929688
2020-06-08,139.27999877929688,137.0800018310547,137.22000122070312,138.9199981689453,1959700.0,138.9199981689453
2020-06-09,139.3000030517578,136.89999389648438,139.17999267578125,138.5800018310547,1595200.0,138.5800018310547
2020-06-10,139.5500030517578,137.85000610351562,138.8300018310547,138.50999450683594,1470500.0,138.50999450683594
2020-06-11,140.4499969482422,136.52000427246094,139.72000122070312,136.97000122070312,2108200.0,136.97000122070312
2020-06-12,138.36000061035156,135.22000122070312,137.2899932861328,135.94000244140625,1634400.0,135.94000244140625
2020-06-15,139.52000427246094,133.77000427246094,134.86000061035156,139.11000061035156,1893700.0,139.11000061035156
2020-06-16,141.41000366210938,139.16000366210938,140.74000549316406,140.63999938964844,1450700.0,140.63999938964844
2020-06-17,143.10000610351562,140.63999938964844,141.0800018310547,142.0500030517578,1381300.0,142.0500030517578
2020-06-18,142.8699951171875,141.58999633789062,142.05999755859375,142.41000366210938,1137300.0,142.41000366210938
2020-06-19,144.86000061035156,141.67999267578125,144.5399932861328,143.9600067138672,5321200.0,143.9600067138672
2020-06-22,143.42999267578125,141.0500030517578,142.7100067138672,142.05999755859375,1098900.0,142.05999755859375
2020-06-23,143.33999633789062,140.1699981689453,142.52999877929688,140.55999755859375,1775800.0,140.55999755859375
2020-06-24,140.72000122070312,137.82000732421875,140.0,137.91000366210938,1622300.0,137.91000366210938
2020-06-25,138.8699951171875,136.8800048828125,138.50999450683594,138.7899932861328,1306200.0,138.7899932861328
2020-06-26,139.9499969482422,136.0,138.99000549316406,136.88999938964844,2516200.0,136.88999938964844
2020-06-29,140.0399932861328,137.14999389648438,138.10000610351562,139.4499969482422,1073300.0,139.4499969482422
2020-06-30,141.80999755859375,139.75999450683594,139.86000061035156,141.35000610351562,1504600.0,141.35000610351562
2020-07-01,142.74000549316406,141.00999450683594,141.16000366210938,141.88999938964844,954600.0,141.88999938964844
2020-07-02,144.0399932861328,142.39999389648438,143.1300048828125,143.1999969482422,1049900.0,143.1999969482422
2020-07-06,144.42999267578125,141.77999877929688,143.7899932861328,142.72999572753906,1076400.0,142.72999572753906
2020-07-07,143.88999938964844,141.72999572753906,142.30999755859375,142.52000427246094,1313200.0,142.52000427246094
2020-07-08,143.5,142.11000061035156,142.38999938964844,143.35000610351562,1210100.0,143.35000610351562
2020-07-09,143.86000061035156,141.9600067138672,143.00999450683594,142.22000122070312,1209600.0,142.22000122070312
2020-07-10,143.77999877929688,141.8000030517578,142.67999267578125,143.24000549316406,1073400.0,143.24000549316406
2020-07-13,144.67999267578125,141.6999969482422,143.10000610351562,142.13999938964844,1473600.0,142.13999938964844
2020-07-14,144.30999755859375,142.1699981689453,142.22999572753906,143.9600067138672,1408700.0,143.9600067138672
2020-07-15,145.0,142.72999572753906,144.22000122070312,143.27999877929688,1281800.0,143.27999877929688
2020-07-16,144.6199951171875,142.41000366210938,143.7100067138672,143.67999267578125,1048900.0,143.67999267578125
2020-07-17,144.91000366210938,143.6999969482422,144.38999938964844,144.3699951171875,1212200.0,144.3699951171875
2020-07-20,144.63999938964844,142.2899932861328,144.47000122070312,142.69000244140625,1884600.0,142.69000244140625
2020-07-21,144.77999877929688,142.60000610351562,143.9499969482422,143.8000030517578,1128800.0,143.8000030517578
2020-07-22,144.8000030517578,142.41000366210938,143.77999877929688,144.3000030517578,1259600.0,144.3000030517578
2020-07-23,149.36000061035156,145.0,145.44000244140625,147.3300018310547,3576600.0,147.3300018310547
2020-07-24,148.89999389648438,146.66000366210938,147.77000427246094,147.33999633789062,1759300.0,147.33999633789062
